247
628
690
697
774
820
870
1064
1065
1425
1551
1701
1872
1902
2192
2398
2872
2905
2911
3078
3596
3977
4250
4389
4580
4786
4911
4960
5076
5545
5608
5709
5847
5851
6116
6139
6685
6764
6804
7004
7284
7573
7670
7895
8226
8383
8631
8740
8932
9060
9092
9126
9178
9335
9465
9488
9581
9606
10006
10029
10413
10852
10986
11023
11434
11521
11572
11747
12022
12080
12125
12235
12245
12280
12309
12472
12758
12870
12919
13075
13779
13973
14019
14241
14325
14355
14387
14432
14487
14658
15307
15561
16165
16250
16902
17068
17379
17609
17684
17876
18096
18339
18863
19035
19266
19310
19498
19578
19937
20334
20520
21051
21081
21295
21425
21434
21712
21756
21770
21980
21985
22406
22740
23189
23210
23286
24069
24282
24283
24682
24758
25232
25783
26159
27116
27131
27567
27705
27800
28095
28323
28521
28524
28541
28701
28832
29452
29465
29691
29863
29893
30072
30921
30937
31104
31143
31157
31257
31296
31474
31721
31921
32534
32573
32650
32663
32901
32952
32972
33098
33174
33328
33526
33622
33676
34033
34172
34694
34994
35085
35123
35185
35488
35562
35609
36085
36118
36173
36665
36911
36998
37019
37155
37191
37719
37780
37991
38085
38182
38716
38888
39010
39364
39557
39752
39827
39849
39977
40064
40150
40366
40374
40480
40483
40923
41285
41509
41742
41771
41942
42120
42122
42299
42484
42570
42798
42961
43164
43207
43736
44016
44110
44129
44237
44445
44836
44945
45212
45248
45304
45484
45565
45706
45883
45926
46292
46340
46492
46820
46874
47009
47047
47086
47774
47895
48144
48658
49030
49432
49529
49611
49806
49806
49990
50164
50175
50335
50458
50740
50788
50861
50892
51020
51063
51217
51373
51375
51438
51502
51509
51551
51651
51824
51964
52018
52135
52346
52498
52655
52714
52737
52933
53074
53160
53194
53791
53940
54003
54028
54267
54331
54509
54564
54714
55580
55723
55732
55943
56066
56109
56340
56624
56698
56900
56994
57412
57575
57742
58241
58295
58425
58634
58660
58725
59048
59124
59316
59715
60024
60340
60509
60526
61105
61432
61531
61999
62099
62105
62299
62591
62661
63282
63284
63714
63801
64131
64953
65018
65316
65426
65441
65865
65923
66162
66401
66580
66922
66983
67029
67401
67528
67708
67920
67967
68480
68497
68718
68783
69339
69731
69855
69935
69968
70063
70204
70292
70627
70657
71423
71520
71616
71767
72380
72469
73255
73311
73568
73676
73892
73989
74122
74362
74668
75079
75192
75211
75694
75792
76223
76228
76337
76614
77081
77397
77789
77961
78242
78394
78470
78534
78740
78795
78931
79486
79788
80196
80256
80335
80619
80706
80928
81024
81048
81379
81658
81930
81954
82092
82119
82340
82418
82648
82754
82880
83209
83433
83569
83590
83706
84463
84535
84637
85637
85753
85905
86338
86390
86417
86559
86666
86923
87357
87514
87656
88107
88365
88733
88979
89095
89161
89864
90010
90398
90712
90866
90885
90983
91088
91414
91547
91547
91697
91868
92091
92311
92373
92431
92578
92644
92668
92698
92826
93278
93358
93697
94275
94478
94641
94746
94913
95081
95105
95328
95622
95639
96167
96327
96442
96590
96739
97194
97643
97672
98193
98465
98503
98909
99303
99681
99693
99772
100008
100209
100423
100582
100734
101144
101498
101621
101802
102313
102371
102483
102661
102936
103002
103450
103616
103974
104025
104035
104215
104759
104813
105000
105009
105180
105623
105756
105855
106063
106118
106190
106954
107154
107158
107175
107317
107465
107740
107871
107925
108082
108814
108878
109191
109272
109275
109347
109744
110443
110695
110784
111028
111282
111349
111459
111696
111872
112976
113295
113302
113355
113425
113441
113458
113467
113680
113757
113798
113803
114202
114540
114601
114642
114921
115436
115831
116266
116406
116670
116784
116998
117088
117241
117475
117610
118030
118052
118546
118572
119027
119095
119155
119194
119318
119395
119738
119957
120007
120125
120303
120344
120380
120553
120574
120697
120777
120793
120864
121054
121223
121462
121474
121514
121790
122081
122597
122727
123022
123055
123085
123091
123112
123256
123598
123602
123802
123830
123874
124066
124289
124367
124672
125304
125371
125548
125827
125871
125938
126003
126115
126246
126467
126810
126823
126855
126868
127059
127265
127297
127340
127584
127800
128134
128212
128615
128733
128743
128791
128866
128997
129284
129425
129474
130368
130909
130937
130968
131200
131449
131583
131810
132059
132181
132257
132505
132663
132795
133168
133327
133455
133602
133783
134548
135508
135592
136869
137057
137248
137264
137485
137578
138093
138125
138306
138433
138475
138647
138779
138796
138942
139094
139094
139191
139195
139265
139335
139336
139370
139525
139975
140079
140136
140459
140572
140574
140940
141026
141198
141478
141614
141691
141711
142225
142253
142317
142387
142400
142481
142521
142617
142707
142773
142895
143011
143011
143362
143471
143539
143557
143862
143953
143990
144096
144700
144887
144935
144954
145556
145737
145850
145970
146134
146271
146314
146679
146725
147071
147222
147732
147939
148083
148084
148153
148200
148258
148307
148708
148775
148784
148994
149045
149082
149699
149852
149935
150083
150356
150416
150623
150688
151474
151748
151808
151924
152282
152574
152700
152803
152875
153065
153106
153753
153775
153956
154416
154470
154549
154567
154641
154739
154797
155055
155371
155386
155638
156193
156315
156355
156698
156729
156751
157088
157149
157467
157492
157587
157779
157914
158052
158515
158668
158755
158937
159018
159402
159656
160020
160315
160326
160370
160383
160977
161119
161145
161383
161534
162000
162041
162120
162166
162589
162613
163470
163612
163679
163842
164140
164290
164342
164436
164615
164766
164821
164843
164925
165033
165075
165236
165610
165614
165739
165968
166100
166119
166301
166432
166501
166603
166941
167134
167445
168278
168324
168598
168827
169009
169244
169418
169500
169758
169824
169855
170343
170588
170824
170890
171183
171484
171860
172189
172243
172253
172369
172373
172394
172671
172815
172980
173096
173379
173769
174261
174489
174532
174642
174969
175064
175143
175304
175940
176180
176397
176405
176672
176686
176842
177269
177536
177640
178059
178131
178434
178634
178681
178830
179162
179203
179212
179221
179245
179274
179618
179889
179937
180076
180348
180662
180684
181257
181438
181536
181640
181701
181804
182216
183775
183988
184631
184958
184987
185406
185670
185797
185946
185986
186181
186364
186372
186536
186769
186983
187151
187401
187573
187869
187884
187917
188020
188242
188636
188896
189325
189491
189503
189799
189917
190006
190102
190433
190441
190482
190577
190946
190988
191051
191071
191234
191339
191912
192079
192174
192869
192968
193032
193473
193813
193852
193969
194467
194609
195508
195852
196158
196566
196663
196782
196829
197127
197275
197395
197636
197817
197988
198232
198353
198371
198411
198493
198557
198786
199124
199289
199423
199754
199799
199808
200245
200670
200964
201511
202139
202144
202690
202784
202982
203088
203171
203215
203267
203725
204709
204871
204972
205144
205295
205412
205463
206170
206394
206405
206616
206670
206800
207120
207133
207874
208016
208048
208129
208551
208898
209108
209163
209176
209198
209222
209294
209654
209826
209871
210203
210356
210385
210979
211619
211746
211923
212327
212339
212475
212523
212538
212796
213016
213308
213342
213629
213974
214014
214679
215459
215835
215862
216474
216739
216764
216827
217009
217094
217309
217490
217552
217754
217987
218008
218191
218325
218397
218651
218883
218914
218955
218959
219040
219211
219329
219472
219659
219884
220507
220993
221172
221340
221450
221792
221987
222264
222550
223108
223776
223807
223858
224068
224088
224338
224396
224442
224554
224557
224563
224802
224822
224927
225395
225416
225694
226275
226546
226885
227040
227129
227263
227316
227372
227802
228594
228769
228924
228925
228979
229112
229524
229549
229653
230025
230639
230839
230870
230948
231094
231513
231532
232190
232581
233123
233275
233306
233415
233419
233622
233921
233985
234259
234445
234646
234654
234819
234988
235216
235482
235541
235608
235676
235702
235910
236029
236169
236270
236365
236412
236453
236523
236544
236691
237433
237615
238280
238772
238899
240035
240327
240633
240710
240749
241070
241312
241684
241897
241989
242173
242201
242712
242806
242928
243110
243309
243512
243544
243717
243756
243828
244414
245192
245247
245331
245792
246126
246455
246503
246762
246803
246987
247284
247286
247402
247796
247993
248329
248393
248842
248920
248997
249159
249211
249233
249290
249377
249913
250079
250103
250248
250363
250657
251300
251471
251748
251751
251774
251931
252093
252111
252673
252800
253031
253050
253053
253141
253216
253366
253601
253713
253715
253929
254392
254538
254643
254734
254816
254886
254938
255003
255305
255356
255523
255612
255634
255687
256002
256238
256322
256352
256617
257010
257182
257183
257222
257535
257786
257993
258903
259003
259109
259156
259422
259429
259785
259792
259900
259914
260038
260291
260724
261198
261414
261523
261630
261933
262259
262290
262438
262815
262926
263130
263412
263544
263606
264227
264296
264387
264407
264698
264704
264821
265047
265741
265845
266070
266072
266091
266097
266719
267238
267413
267417
267515
267674
267847
268209
268299
268921
268977
269302
269330
269579
269791
269843
269932
270693
271019
271123
271296
271424
271942
272223
273243
273386
273484
273749
273804
274127
274449
274857
275784
275916
275969
276185
276510
276828
277140
277175
277195
277203
277485
277676
277683
277927
277980
278534
278601
278705
278739
278853
278897
279045
279066
279070
279293
279462
279504
279768
279815
280002
280183
280272
280432
281190
281215
281227
281530
281605
281611
281908
282123
282591
282616
282722
282730
282816
283195
283428
283440
283670
283831
284240
284665
285961
286043
286243
286292
286582
287003
287024
287030
287616
287670
288038
288447
288859
289109
289171
289251
289453
289499
289610
289692
289809
290279
290498
291051
291089
291619
291679
291710
291710
292066
292158
292215
292491
292536
292646
292795
293118
293160
293461
293470
293915
294135
294432
294446
294863
294900
295271
295311
295611
295687
295899
295940
296336
296473
296778
296947
296957
297020
297074
297386
297503
297519
297721
297724
297752
297855
297948
298146
298194
298291
298368
298424
298766
298833
298903
298932
299743
300039
300094
300478
300603
300660
300721
300981
301036
301115
301436
301594
301788
301922
302173
302453
302622
302720
302883
302919
303042
303198
303369
303418
303464
303763
304168
304244
304301
304563
304702
304717
304777
305802
305946
305955
307023
307183
307263
307267
307724
307934
308135
308244
308370
308808
308975
309023
309123
309614
309922
310164
310177
310547
310890
311180
311265
311395
311483
312081
312157
312486
312533
312546
312578
312629
312631
312867
312965
313196
313426
313572
314116
314277
314520
314745
315255
315403
315523
315890
315913
315987
316034
316516
316693
316698
316736
316812
317386
317389
317491
318462
318715
320156
320334
320388
320459
320501
320511
320755
320917
321162
321407
322033
322555
322572
323028
323124
323163
323308
323428
323469
323486
323741
324022
324136
324227
324350
324382
324760
325001
325090
325366
325619
325802
326016
326216
326258
326387
326509
326603
326658
326673
326705
326707
326904
326967
327104
327281
327451
327494
327665
327729
327849
327903
328191
328342
328495
328524
328530
329018
330094
330123
330511
330673
330858
330866
331291
331297
331322
331648
331704
331814
331885
332007
332068
332354
333439
333556
333770
334196
334302
334420
334436
334458
334521
334743
334873
335110
335239
336602
336677
336700
337368
337509
337559
338206
338220
338288
338301
338345
338546
338636
338642
338716
339212
339867
339947
340457
341057
341130
341233
341275
341303
341419
341703
341811
341841
341878
342152
342208
342236
342378
342558
342914
343533
344486
344531
344775
344800
345108
345274
345331
347473
347548
347615
347995
348054
348208
348489
348590
348753
348785
348828
348828
348904
348944
349243
349381
349768
349918
350648
350801
351004
351115
351490
351761
351974
352253
352434
352553
352630
352728
352914
353523
353594
354365
354624
354822
355172
355217
355707
356005
356753
356954
357370
357458
357728
357732
357749
358233
358347
358462
358573
359336
359354
359381
359411
359600
359757
359758
359777
359862
359910
359958
360061
360110
360142
360217
360551
360980
361356
361369
362082
362530
362541
362566
363442
364310
364634
365143
365178
365247
365482
365810
365919
365980
366026
366206
366481
366677
366873
366964
367166
367358
367613
367841
367915
368090
368149
368154
368240
368421
368454
368628
368819
368977
369052
369093
369187
369247
369581
370052
370111
370128
370163
370533
370558
370572
370802
370954
371030
371529
371819
371985
372022
372052
372317
372317
372370
372380
372605
372666
372881
372986
373165
373691
374192
374914
375058
375066
375120
375227
375599
375672
376098
376247
376541
376828
377250
377714
377893
378311
378436
378506
378513
378801
379026
379172
379254
379272
379531
379676
379726
380144
380158
380178
380216
380324
380765
380789
380926
380935
381386
382965
383156
383357
383523
383530
383885
384149
384161
384896
385174
385741
385884
386121
386142
386258
386260
386968
387010
387082
387138
387620
387652
387654
387959
388161
388175
388933
388993
389055
389123
389284
389391
389754
390633
390677
390856
391253
391318
391345
391406
391498
391542
391597
391627
391699
391838
392337
392359
392367
392668
392700
392700
393178
393191
393361
393504
393622
393700
393700
393706
393988
394266
394460
394569
394972
395108
395119
395344
395406
395723
396062
396230
396626
396654
396701
396827
397156
397793
397827
398183
398495
398548
398884
398984
399252
399454
399456
399601
399651
399732
400016
400243
400265
400297
400565
400787
400792
400803
401058
401085
401199
401295
401305
401399
401698
401713
401996
402550
402866
402995
403150
403251
403437
403569
403865
404546
404783
405145
405901
406434
406691
406989
407603
407982
408102
408192
408235
408442
408556
408686
409008
409037
409279
409338
409441
409553
409710
409885
410194
410480
410535
410631
410938
411063
411195
411267
411471
412065
412488
412616
412714
412750
412803
412923
413366
413669
413840
413899
414072
414130
414225
414793
414975
415235
415462
415552
415564
415645
416001
416503
416618
417084
417135
417157
417267
417343
417383
417690
417723
418142
418259
418262
418394
418641
418700
418707
419193
419327
420269
420455
420568
420880
421016
422007
422503
422538
422554
422655
422766
422785
423319
423365
423845
424008
424685
425433
425449
425712
425999
426249
426316
426571
426801
427172
427234
427335
427504
427598
427765
428460
428466
428736
428745
428759
428959
428981
429212
429630
429662
429692
429795
429936
429959
430070
430310
430346
430408
430636
430809
431007
431144
431493
431497
431600
431708
432612
432847
432872
432953
433219
433237
434052
434089
434102
434159
434171
434259
434339
434564
434705
434763
434895
434905
435336
435378
435485
435688
435813
435936
436140
436213
436257
436394
436460
436741
437134
437206
437524
437646
437651
437663
437700
437781
437984
438064
438217
438843
438932
439004
439391
439778
439887
440030
440224
440924
441298
441597
441608
441730
441778
441813
441841
441906
442224
442252
442289
442736
443160
443291
443615
443817
444128
444155
444384
444401
444493
444524
444752
444972
445006
445103
445633
445734
445870
445956
445972
446038
446099
447135
447293
447371
447500
447501
447661
447826
448551
448679
448817
448952
449466
449784
449896
449914
450078
450234
450271
450530
450600
450979
451019
452312
452519
452584
453027
453176
453437
453725
453767
453892
454088
454196
454300
454318
454448
454480
454570
454717
454758
454782
455609
455839
455841
455957
456112
456183
456208
456220
456406
456495
456518
456634
456645
456867
456987
457264
457387
457518
457806
458116
458361
458414
458432
458608
458939
459005
460273
460384
460644
460949
461052
461399
461500
461589
461692
461791
461833
462223
462312
462634
462659
462997
463448
463558
463625
463885
464161
464394
464405
464781
464837
465017
465348
465638
465690
465702
465785
465982
466369
466469
466488
466926
467129
467162
467330
467587
467674
467971
468012
468192
468267
468325
468358
468561
468624
468820
469314
469343
470221
470345
470767
470838
471024
471256
471314
471458
471509
471772
472106
472172
472391
472406
472416
472419
472704
472952
472991
473018
473172
473186
473258
474248
474500
474737
475241
475261
475707
476190
476301
476357
476964
476988
477190
477330
477378
477476
477534
477535
477789
478264
478335
478795
478841
479098
479138
479696
479944
480079
480471
480974
480999
481327
481479
481622
482090
482434
482542
482601
482643
483226
483346
483362
483632
483738
483929
484095
484107
484273
484417
484808
484910
485002
485024
485121
485323
485382
485693
485721
486047
486235
486451
486593
486642
486979
487083
487406
487513
487587
488398
488541
488589
488858
489056
489255
490028
490085
490478
490815
490907
491078
491201
491525
491626
491711
491854
491876
492205
492214
492350
492534
492547
492904
493262
493585
493925
494244
494483
494553
494801
495010
495206
495333
495446
495880
496500
496809
496813
496900
496982
497053
497113
497328
497411
497433
497862
497929
498179
498364
498746
498759
499305
499395
499454
499471
499746
499881
500170
500244
500274
500439
500517
500793
500840
500999
501163
501681
501937
502028
502102
502109
502121
502267
502638
502688
502710
502979
503123
503477
504056
504760
504942
505676
505874
505898
506023
506063
506105
506400
506402
506417
506468
506659
507222
507485
507498
507514
508173
508192
508247
508310
508383
508748
508837
508974
509233
509275
509568
509863
509922
510141
510187
510539
510736
511281
511536
511744
512275
512578
512986
513087
513263
513539
513562
513751
513837
513983
514024
514217
514273
514430
514629
514638
514889
514950
514954
515039
515047
515151
515632
515683
515726
515758
516253
516497
516579
516721
516913
517026
517677
518203
518208
518227
518391
518845
519197
519266
519281
519309
519660
520339
520353
520447
520551
520601
520788
520855
521005
521121
521347
521555
521743
521954
522029
522088
522269
522492
522704
522941
523075
523076
523076
523162
523445
523450
523542
523740
523800
523804
524225
524257
524382
524485
524502
524580
524771
524810
525737
525754
525966
525976
526679
527142
527323
527346
527369
527660
527717
528297
528471
528585
528602
528668
529140
529672
529674
529691
529931
530026
530050
530143
530165
530254
530601
530901
531044
531111
531212
531501
531588
531604
531630
531652
532100
532274
532309
532595
532788
532990
533398
533399
533440
533645
534763
534840
535034
535102
535144
535691
535713
535884
535904
536275
536281
536385
536481
536742
537257
537878
537965
538117
538406
538636
538646
538724
538966
539409
539638
539674
539675
539856
539938
540361
540462
540582
540834
540848
540984
541276
541764
541780
541784
541791
541890
541990
542213
542686
542769
543171
543352
543390
543580
543950
544451
544711
544890
544956
544972
545040
545213
545227
545278
545321
545615
545626
545872
546026
546048
546054
546078
546267
546786
547199
547570
547592
547600
547749
547996
548316
548465
549213
549416
549489
549638
549719
549954
550334
550589
551667
551768
551974
551999
552290
552342
552478
552507
552852
553280
553356
553491
553521
553937
554091
554138
554232
554363
554419
554874
554927
554965
555366
555728
555762
555841
555895
555985
556054
556167
556501
556572
556853
557636
557688
558071
558484
558882
559035
559177
559446
559760
560061
560100
560134
560209
560314
560466
560562
560787
561035
561140
561258
561546
561654
561755
562159
562226
562271
562298
562341
562369
562372
562405
562586
562591
562779
563208
563797
563948
564105
564175
564240
564517
564609
565061
565305
565526
565708
565716
565915
565968
566010
566079
566920
567329
567344
567691
567820
567908
567963
568274
568411
568537
569277
569453
569637
569727
570171
570350
570484
570573
571303
571304
571338
571432
571492
571626
571791
571819
572014
572422
572432
572436
572588
573163
573186
573435
573836
573979
574056
574476
574519
575306
575525
575675
575939
575984
576330
576659
576844
576874
576880
576926
577025
577030
577593
577705
577821
577848
577877
578078
578771
579004
579472
579594
579770
579997
580016
580172
580641
580647
580662
580726
580755
581135
581229
581388
581537
581591
581621
581725
581852
582264
582292
582420
582575
582747
582766
582867
582915
583088
583345
583536
583537
583672
583768
583796
583811
584002
584383
584489
584753
584756
584984
585543
585748
586036
586966
587061
587216
587674
587784
588128
588251
588335
588392
588511
588670
589217
589286
589599
589617
589653
589878
590127
590146
590217
590299
590306
590464
590664
590703
590841
591287
591752
591788
591806
591925
591962
592022
592048
592063
592374
592516
592714
593156
593272
593440
593480
593483
593580
593593
593795
594664
594684
595108
595258
595340
595646
595683
595780
596139
596490
596569
596585
596776
596853
597273
597753
597934
598199
598540
598695
598845
598997
599195
599749
599799
599863
600019
600088
600223
600237
600309
600629
600759
600965
601227
601380
601500
601654
601774
601979
602007
602136
602269
602314
602384
602490
602969
602982
603117
603195
603247
603273
604019
604053
604166
604603
604639
604843
605018
605052
605358
605395
605400
605566
606466
606838
606910
607006
607022
607211
607673
607978
608050
608062
608172
608397
608545
608577
608870
608885
609023
609097
609122
609563
609736
609749
610404
610802
610813
610926
611077
611345
611465
611712
611831
612030
612537
612666
613071
613097
613621
613682
613956
614545
614638
614656
614716
614791
614815
614818
614891
615023
615036
615130
615169
615284
615437
615449
615505
615545
615655
615775
616016
616583
616800
616907
617423
617434
617510
617970
618073
618146
618148
618164
618496
618571
618656
618790
619042
619256
619343
619354
619894
619904
620196
620599
620918
621130
621369
621441
621783
622101
622139
622213
622304
622394
622528
623137
623276
623387
623468
623779
624308
624362
624715
625204
625244
625855
626120
626363
626495
626591
626748
626815
626940
627047
627047
627230
627280
627408
627470
627546
627701
627870
627881
627900
628004
628312
628543
628553
628611
630295
630476
630506
630613
631155
631162
631192
631365
631470
631580
631674
631737
632074
632485
632803
632872
632906
632925
632983
633308
633504
633523
633945
634052
634156
634348
634362
634615
635366
635422
635485
635506
635617
635742
635812
635859
635966
636067
636223
636228
636540
636764
636929
637119
637143
637384
637795
638546
638800
639075
639176
639644
640026
640399
640411
640811
641247
641305
641404
641441
641446
641556
641880
641987
642724
642813
643080
643162
643277
643693
643919
644202
644295
644297
645087
645155
645654
645706
646012
646090
646133
646296
647102
647308
647616
647881
648594
648617
649050
649815
650101
650589
650673
650883
651096
651105
651114
651296
651330
651705
652053
652120
652204
652347
652709
652839
652927
652948
653061
653083
653161
653306
653566
653682
654030
654068
654260
654261
654529
654751
654766
654944
654995
655033
655277
655308
655702
655803
655895
656278
656574
656988
657061
657322
657672
657705
658084
658703
659031
659295
659383
660042
660144
660721
660855
661139
661220
661363
661369
661519
661595
661865
661913
662035
662082
662100
662167
662505
662669
662778
662784
663011
663164
663175
663238
663371
663455
664552
664790
665061
665170
665455
665616
666086
666088
666128
666128
666257
666663
666761
666820
666840
667043
667237
667262
667764
667793
668047
668082
668196
669363
669364
669587
669733
669763
670001
670015
670328
670424
670438
670591
670837
670892
671200
671210
671250
671281
671725
671779
671936
671946
672017
672107
672410
672472
672532
672638
672681
672922
673663
673669
673973
674426
674441
674948
675498
675537
675541
675682
675887
676018
676207
676632
676809
677442
677448
677639
677703
677788
677957
678097
678155
678387
678665
679338
679346
679365
679564
679651
679910
679948
680008
680039
680378
680761
680991
681122
681144
681236
681607
681668
681854
682087
682802
682894
682919
682938
683215
683394
683524
683608
683716
683871
683904
683926
684413
684463
684574
685011
685071
685537
685878
686164
686677
686804
687019
687768
688280
688439
688553
688617
688707
688952
689051
689582
690148
690223
690491
690582
691045
691344
691365
691436
691478
691619
691745
692016
692329
692645
692773
692952
693235
693326
693406
693750
693907
694229
694344
694417
694450
694487
694549
694639
694912
694994
695407
695702
695953
696059
696132
696181
696473
696718
696772
696959
697242
697659
697735
698015
698046
698100
698256
698376
698449
698449
699011
699369
699458
699549
699581
699815
699959
700443
700936
701184
701826
702065
702279
702680
702782
702849
702924
703029
703149
703276
703310
703365
703724
704335
704957
704986
704987
705057
705078
706027
706081
706705
706714
706817
707180
707275
707318
707497
707704
707722
707929
708218
708270
708345
708379
708579
708604
708700
708734
708825
709036
709612
709731
710154
710390
710726
711071
711346
711419
711690
712256
712479
712563
713079
713191
713199
713209
713463
713588
713700
713773
714102
714232
714258
714534
714567
714594
714690
714821
715006
715268
715475
715767
715980
716031
716238
716385
716657
717046
717085
717630
717681
717871
718165
718389
718474
718759
718820
719086
719096
719200
719208
719246
719605
719783
719841
719935
719963
720120
720205
720460
720564
720649
720762
720959
721326
721577
721631
721983
722254
722273
722323
722482
722908
723372
723676
723744
723786
723912
724014
724380
724593
724755
724779
724825
725093
725169
725336
725376
725540
725769
725861
725969
726304
726720
726876
726927
727000
727699
727726
727787
727803
727916
728031
728323
728469
728496
728999
729320
729669
729701
729778
730156
730356
730517
730572
730612
730663
731479
731769
731787
731848
732211
732888
733075
733221
733402
733649
734081
734346
734468
734652
735107
735512
735779
735804
735836
736053
736186
736306
736337
736732
736989
737169
737492
737663
737806
737841
737854
738001
738290
738391
738500
738879
738909
739173
739179
739445
739655
739676
739724
740205
740317
740468
740562
740775
740790
740934
741089
741567
742074
742150
742894
743026
743272
743583
743897
744007
744011
744182
744186
744187
744262
744343
744354
744406
744419
744610
744625
744765
744839
744904
745047
745552
745761
746068
746298
746871
747139
747357
747535
747610
747705
748010
748422
748769
748930
748935
749290
749292
749301
749429
749670
749714
750301
750314
750372
750765
750780
751237
751349
752000
752126
752131
752755
752848
752904
753406
753443
753498
753631
753651
753819
753886
754332
754337
754391
754523
754748
755034
755126
755152
755435
755563
755597
755997
756430
756640
756922
756929
756967
757749
757846
757986
758241
758488
758669
758676
759048
759427
759520
759634
759750
759820
760141
760362
760515
760765
760778
760912
760949
761204
762084
762572
762601
762658
762699
762773
762797
762879
763012
763128
763349
763446
763611
763863
763977
764407
764469
764627
764668
765061
765593
765740
765802
766218
766304
766622
766623
767812
768073
768076
768077
768899
768951
769037
769066
769125
769435
769746
770174
770476
770566
770750
770938
771189
771684
771926
772149
772470
772564
772568
773171
773225
773334
773497
773761
773937
774057
774656
774661
775003
775209
775249
775964
776039
776113
776133
776138
776237
776513
776721
777189
777522
777559
777638
777697
778019
778102
778282
778689
779053
779068
779108
779276
779386
779963
779973
781286
781414
781426
781505
781715
781816
781861
781873
782229
782233
782450
782458
782900
783670
783724
783779
784048
784140
784197
784316
784349
784571
784867
785104
785282
785301
785481
785566
786146
786157
786340
786796
787040
787527
787726
787901
788051
788412
788637
788660
788979
789152
789258
789593
790025
790049
790155
790190
790298
790937
790971
791017
791449
791626
791883
791976
792087
792185
792297
792334
792913
792986
793019
793150
793301
793446
793839
794761
794955
794955
795065
795074
795254
795374
795696
795958
796141
796601
796999
797450
798317
798725
798854
799056
799231
799330
799644
799698
799922
800048
800096
800108
800334
800440
800693
800966
801131
801252
801530
801653
801766
802162
802392
802470
802515
802784
803209
803352
803721
804150
804203
804303
804807
805051
805415
805536
805561
805594
805834
806097
806327
806476
806672
806682
806809
806957
806999
807601
807639
807812
808347
808440
808474
809080
809374
809701
809970
810004
810242
810419
810441
810585
810797
810802
811207
811307
812275
812317
812863
812894
812911
812930
813108
813859
813866
814487
814511
814521
814582
814607
814854
814990
815024
815408
815625
815961
816022
816033
816044
816076
816798
817148
817168
817320
817592
817914
818206
818267
818501
818733
818859
819270
819286
819444
819549
819689
819730
819801
820009
820126
820547
820600
821030
821176
821316
821390
821649
821699
821724
821888
821892
822269
822289
822892
822909
822934
822953
822957
822963
823038
823106
823604
823784
823856
824120
824127
824194
824425
824725
825104
825132
825190
825281
825573
826180
826185
826702
826931
826965
827051
827112
827119
827156
827442
827901
828342
828938
829794
829980
830010
830729
831580
831715
831891
832330
832862
833199
833457
833872
834259
834460
834725
834869
835006
835248
835472
835675
836964
836995
836998
837073
837199
837433
837492
837617
837816
837900
837903
837965
838301
838616
838626
838802
839000
839314
839347
839389
839392
839541
840030
840239
840593
840635
840697
840947
841352
842107
842209
842556
842702
842951
842962
843156
843488
843552
843842
843846
843994
844144
844643
844645
845014
845111
845361
845389
845460
845852
846546
847088
847171
847319
847431
847871
847884
847933
848265
848336
848408
848804
848971
849260
849306
849331
849861
849967
850148
850155
850279
850752
850952
851020
851068
851286
851534
851558
851574
851855
852007
852024
852070
852315
852479
852497
852521
852546
852658
852778
852979
853101
853103
853852
853916
854119
854412
854454
854578
855085
855536
855806
855819
856513
857119
857130
857641
857730
857922
858098
858113
858135
858144
858426
858847
858926
859039
859217
859485
859733
859817
860024
860742
860747
860904
860936
860994
861049
861257
861565
861616
862470
862636
862965
863157
863201
863278
864127
864226
864239
864535
864539
864544
864675
866252
866558
866750
866824
866865
866935
867188
867552
867620
867665
867742
867968
868037
868276
868687
868745
869261
869646
869687
870057
870093
870726
871355
871594
871867
872024
872563
872619
872985
873642
873756
874279
874480
874548
875235
875545
875632
875681
876038
876055
876189
876249
877091
877301
877416
877439
877571
877636
877853
877859
878027
878051
878084
878361
878636
878660
878686
878850
879100
879404
879954
880071
880101
880132
880191
880317
880325
880333
880635
881187
881245
881510
881639
881996
882046
882134
882168
882524
882564
882781
883135
884349
884366
884437
884807
884884
885176
885540
885606
886043
886259
886290
886370
886455
886494
886667
886843
886904
887897
887993
887994
888083
888110
888127
888449
888476
888582
888798
888891
889073
889184
889631
890119
890635
890973
891094
891416
891802
891912
892153
893119
893472
893621
893804
893919
894050
894156
894218
894338
894513
894605
894676
894960
894971
895029
895059
895392
895611
895703
895737
895927
896127
896396
896431
896924
897258
897518
898346
898599
898648
898652
898874
898961
898970
899011
899218
899255
899604
899712
900107
900304
900310
900314
900346
900768
900785
900921
900985
900990
901536
901547
901899
901921
902362
903292
903411
903712
903933
904072
904251
904281
904469
904529
904841
904895
905029
905426
905481
905584
905669
905744
905910
906526
907054
907123
907286
907674
907683
907693
907715
907737
907914
908102
908381
909038
909160
909238
909397
909504
909689
909792
909810
909818
909896
910114
910145
910229
910263
910381
911331
911513
911705
912071
912261
912319
912552
913099
913122
913122
913193
913280
913371
913639
913962
914147
914618
914644
914654
915140
915167
915326
915453
915757
916230
917133
917813
918320
918341
918349
918399
918729
918739
918779
919228
919677
919714
919769
919940
920221
920352
920376
920395
920513
920520
920717
920826
920944
921022
921070
921196
921346
921829
922022
922153
922336
922418
922610
922764
922961
923259
924104
924286
924316
924348
924476
924507
924606
924713
925000
925012
925142
925378
925595
926078
926202
926228
926515
926777
926789
926835
927068
927558
927631
927826
928002
928050
928225
928724
928919
929655
929900
929973
930184
930184
930415
930418
930577
931431
931546
931819
931952
932259
932782
933195
933251
933483
933798
933960
933987
934090
934263
934508
934748
935335
935456
935489
935698
935956
936266
936669
936807
937130
937182
937465
937639
938195
938525
938829
938854
938902
938934
939203
939238
939360
939444
939458
939625
940168
940184
940249
940468
940767
940828
941202
941689
941724
941843
942061
942084
942277
942303
942624
942743
942822
943626
943892
944077
944093
944153
944561
944578
944643
944701
944737
945052
945359
945382
945496
946151
946168
946173
946391
946546
946615
946897
947154
947420
947545
947589
947598
947697
948355
948560
948747
949057
950385
950591
950610
951253
951823
952113
952164
952482
952659
953535
953724
954332
954872
955376
955449
955622
955784
955987
956161
956206
956312
956592
956807
956989
958076
958432
958554
958661
959240
959408
959748
959856
960164
960251
960522
960708
960865
961054
961256
961366
961727
962073
962254
962550
962726
962885
963028
963386
963456
963753
963819
963894
964104
964232
964281
964346
964774
964975
965033
965137
965325
965448
966160
966428
966434
966568
967102
967158
967515
967829
968119
968487
968884
969682
969987
969999
970053
970365
970614
970670
970976
971165
971694
972045
972267
972488
972726
973156
973297
973377
973436
973459
973460
973798
973862
973898
973979
974183
974240
974404
974450
974483
974560
974979
975234
975287
975738
975862
975897
975928
976210
976330
976393
976445
976801
976878
976935
977032
977070
977088
977258
977449
977765
978652
979124
979268
979627
979694
980029
980041
980100
980148
980240
980279
980370
980385
980698
980707
980848
980957
981068
981331
981475
982006
982022
982161
982337
982540
982718
983262
983331
983464
983873
984107
984379
984434
984475
984497
984609
984761
984865
985005
985253
985368
985739
985911
986092
986194
987133
987341
987500
987533
987714
987917
988571
988945
989186
989711
990040
990339
990511
990579
990637
991036
991197
991330
991376
991440
991866
991969
992109
992600
992632
992635
992930
992999
993431
993480
993653
993691
993869
993979
993998
994157
994359
994379
994513
994779
994899
995052
995181
995468
995567
996034
996265
996369
996760
996794
996960
996964
997755
998104
998582
998956
998958
999121
999180
999335
999385
999517
999741
999857
999896
