24
110
232
296
326
538
608
666
676
678
804
849
1047
1104
1253
1488
1631
1698
1870
1922
1944
2028
2078
2203
2437
2478
2759
2828
2838
2945
2958
2987
3079
3316
3359
3571
3589
3589
3733
3918
4009
4031
4036
4210
4431
4618
4701
4730
4730
4764
4890
4952
5000
5240
5379
5490
5641
5736
5888
5940
6005
6122
6132
6374
6459
6474
6637
6710
6730
6738
6775
7114
7600
7619
7820
7859
7936
7938
7988
8315
8360
8387
8474
8578
8593
8681
8734
8947
8970
9205
9290
9376
9470
9487
9553
9655
9685
9735
9783
9885
9999
10106
10115
10122
10442
10706
10733
10738
10740
10949
11051
11084
11235
11241
11278
11312
11323
11438
11544
11555
11642
11656
11760
11774
11795
11916
11955
11991
12303
12321
12391
12398
12487
12516
12640
12800
12859
12871
12959
13084
13142
13247
13304
13324
13343
13456
13511
13540
13582
13705
13705
13787
13849
13931
14172
14254
14464
14775
14820
15112
15231
15367
15419
15551
15736
15897
15955
15967
15980
16125
16197
16266
16378
16397
16458
16608
16826
16922
16925
16983
17106
17253
17273
17326
17681
17712
17779
17782
17792
17858
18029
18210
18317
18514
18593
18777
18800
18854
18924
18948
19040
19194
19388
19438
19554
19564
19574
19777
19783
19796
19866
20017
20030
20227
20244
20254
20264
20302
20484
20508
20520
20547
20555
20754
20763
20866
20900
20905
20964
21052
21052
21236
21590
21633
21692
21761
21853
21899
21986
22022
22195
22329
22456
22470
22667
22675
22804
22886
22991
23037
23040
23049
23143
23256
23357
23386
23570
23722
23730
23813
23840
23902
23913
23924
23978
24231
24266
24328
24791
24892
24956
24982
25242
25521
25575
25643
25732
25808
25838
25900
26029
26349
26368
26483
26673
26857
26862
26885
26913
26919
27048
27202
27635
27656
27778
27793
27804
27948
28146
28161
28191
28280
28284
28382
28450
28472
28495
28528
28946
28949
29022
29334
29516
29734
29748
29812
29845
29881
29985
30047
30160
30291
30426
30446
30643
30679
30707
31056
31147
31158
31204
31213
31280
31280
31305
31326
31330
31417
31427
31545
31615
31790
31852
32158
32191
32302
32695
32739
33192
33267
33384
33633
33769
33843
33863
33934
34003
34318
34380
34406
34488
34525
34697
34747
34769
34786
34883
34949
35044
35328
35334
35569
35597
35603
35746
36039
36224
36250
36349
36525
36812
36876
36907
37006
37385
37493
37582
37639
37682
37740
37856
37861
37932
37944
38068
38069
38070
38309
38372
38487
38691
38758
39169
39399
39646
39774
39859
40238
40496
40872
40944
40951
40994
41277
41284
41506
41606
41762
41890
41959
42094
42332
42337
42428
42779
42896
43040
43243
43305
43388
43428
43441
43719
43854
43973
44155
44193
44196
44199
44215
44241
44555
44787
45041
45061
45255
45280
45285
45338
45397
45418
45515
45689
45740
45758
45788
45999
45999
46071
46109
46153
46414
46489
46490
46511
46638
46674
46713
46882
47016
47169
47215
47273
47341
47372
47434
47507
47622
47666
47989
48025
48071
48239
48290
48651
48751
48784
48785
48792
48852
48854
48903
49081
49130
49155
49270
49302
49431
49570
49597
49627
49752
49767
49784
49818
50001
50181
50296
50652
50988
51107
51564
51588
51601
51726
51805
51923
52096
52113
52347
52435
52480
52545
52548
52636
52787
52938
52939
53040
53059
53112
53305
53375
53452
53545
53688
54098
54174
54239
54481
54562
54652
54717
54880
54925
54949
55154
55201
55251
55390
55396
55605
55628
55707
55782
56105
56587
56875
57121
57283
57297
57389
57549
57612
57701
57809
57867
57971
57988
58072
58181
58297
58323
58460
58469
58474
58548
58620
58826
58850
59091
59132
59186
59227
59277
59303
59315
59529
59546
60031
60101
60113
60179
60276
60554
60733
60743
60826
60929
60940
60998
61099
61233
61344
61483
61518
61557
61565
61595
61717
61753
61820
61893
62050
62097
62204
62235
62457
62470
62503
62569
62774
62824
63128
63214
63286
63317
63525
63759
63846
63930
63944
64015
64060
64452
64488
64875
65069
65181
65316
65377
65568
65589
65797
65881
65899
65910
65914
65939
65954
65966
66097
66166
66225
66638
66856
66984
67009
67160
67200
67208
67514
67537
67601
67687
67697
67898
67913
68067
68102
68185
68253
68271
68406
68753
68761
68782
68801
68827
68935
68964
69053
69128
69294
69326
69471
69479
69580
69987
70001
70022
70079
70240
70297
70399
70716
70887
70960
71013
71191
71215
71248
71309
71406
71494
71548
71626
71676
72108
72178
72184
72285
72554
72569
72576
72594
72677
72696
73172
73366
73395
73415
73438
73445
73648
73668
73707
73768
73795
73800
73911
74210
74348
74382
74408
74411
74447
74791
74828
74843
75031
75111
75191
75249
75466
75525
75528
75554
75568
75659
75725
75784
75821
75876
76119
76149
76210
76371
76409
76463
76607
76608
76639
76701
76728
76749
76941
77137
77222
77264
77388
77401
77577
77782
77853
77980
78030
78203
78321
78404
78527
78575
78638
78913
78952
78976
78986
79051
79054
79234
79377
79378
79460
79500
79598
79664
79690
80236
80392
80447
80559
80681
80701
80859
80908
81230
81286
81287
81347
81465
81504
81625
81934
81944
82078
82222
82318
82330
82635
82669
82712
82726
82860
82992
83050
83235
83478
83928
84028
84158
84161
84229
84296
84327
84346
84554
84709
84829
85033
85058
85179
85190
85339
85369
85405
85460
85566
85765
85922
85999
86063
86102
86221
86318
86400
86466
86471
86602
86648
86654
86683
86839
86843
86917
86927
87022
87025
87035
87205
87434
87548
87548
87674
87679
87861
87907
87977
88003
88239
88243
88282
88332
88408
88488
88594
88651
88793
88801
88953
89030
89061
89090
89253
89423
89433
89553
89564
89685
89722
89834
89979
90016
90239
90249
90312
90323
90423
90455
90464
90523
90524
90609
90712
90737
90972
91050
91118
91180
91404
91540
91618
91625
91815
91896
92006
92104
92154
92343
92420
92441
92548
92641
92728
92736
92810
92915
92946
93005
93143
93233
93323
93678
93752
94001
94167
94268
94430
94509
94519
94540
94546
94794
95130
95254
95307
95508
95573
95587
95712
95849
96056
96072
96140
96219
96268
96666
96717
96812
97229
97348
97558
97770
97784
98040
98145
98154
98279
98390
98460
98503
98548
98777
98837
98855
99086
99100
99175
99253
99300
99436
99480
99487
99609
99638
99756
99919
99934
100235
100455
100570
100678
100765
100924
100974
101109
101202
101234
101243
101254
101265
101310
101371
101637
101846
101911
101968
102354
102567
102593
102714
102721
102737
102855
102889
102921
102923
102942
102988
103008
103113
103199
103289
103381
103485
103570
103601
103655
103678
103705
103787
103823
103832
103840
103848
104083
104401
104738
104776
104921
105048
105051
105133
105461
105536
105585
105631
105660
105803
105881
105897
105919
106033
106034
106092
106201
106289
106342
106347
106357
106365
106433
106496
106597
106813
106894
106897
106956
106976
107085
107107
107116
107145
107169
107252
107258
107300
107326
107352
107378
107388
107493
107645
107679
107762
107783
107831
107865
108027
108227
108235
108275
108327
108338
108344
108377
108378
108393
108430
108522
108545
108547
108613
108683
108863
108949
109146
109427
109583
109624
109745
109751
109838
110113
110157
110170
110390
110446
110475
110486
110612
110794
110897
110946
110948
110958
110996
111063
111120
111126
111496
111499
111567
111726
111796
111877
111879
111996
112138
112190
112219
112406
112516
112999
113000
113104
113124
113222
113228
113294
113411
113456
113574
113775
113806
113862
113868
114018
114182
114295
114410
114425
114716
114733
114780
114822
115307
115436
115503
115575
115746
115752
115771
115833
115946
115995
116286
116343
116572
116704
116834
116848
116919
116954
116996
117199
117305
117335
117361
117378
117409
117601
117602
117841
117898
117931
118019
118042
118137
118172
118206
118213
118303
118447
118572
118631
118678
118888
118913
119111
119153
119293
119320
119369
119442
119447
119469
119477
119526
119533
119571
119715
119832
119947
119973
120025
120045
120510
120947
121021
121137
121161
121402
121434
121513
121924
122011
122187
122215
122335
122347
122395
122677
122774
122908
123024
123164
123290
123382
123433
123439
123499
123635
123694
123711
123869
123958
124326
124367
124611
125045
125132
125593
125601
125680
125693
125701
125739
125806
125918
126004
126089
126189
126591
126634
126640
126683
126704
126955
127234
127348
127659
127684
127826
127882
128209
128324
128367
128467
128499
128627
128742
128902
128962
129010
129585
129798
129822
130020
130164
130451
130499
130599
130775
130798
130887
130935
130941
131195
131258
131534
131575
131683
131699
131726
131850
131911
131934
132054
132078
132266
132271
132415
132451
132471
132752
132780
132790
132881
133123
133248
133378
133470
133540
133547
133616
133676
133721
133734
133738
133790
133922
133945
134160
134162
134209
134329
134427
134642
134697
134819
134850
135012
135161
135247
135275
135353
135423
135483
135568
135623
135649
135723
135808
135840
135844
136045
136092
136108
136205
136246
136251
136675
136737
136739
136836
136912
137008
137021
137119
137124
137141
137206
137302
137316
137434
137440
137516
137721
137935
137978
138193
138312
138402
138414
138504
138773
138803
139166
139247
139296
139562
139674
139724
139783
139882
139933
140049
140331
140370
140404
140432
140473
140497
140498
140500
140658
140743
140922
140940
141086
141204
141230
141284
141297
141449
141627
141631
141658
141658
141699
141778
141957
142054
142060
142140
142235
142261
142416
142593
142646
142761
142910
142961
143001
143112
143209
143222
143227
143316
143344
143400
143624
143700
143767
144238
144311
144324
144511
144554
144705
144779
144850
144963
144972
145126
145209
145346
145377
145458
145474
145508
145556
145668
145677
145700
145737
145764
145860
146087
146118
146233
146507
146541
146584
146738
146832
146834
146931
146981
146997
147074
147078
147249
147501
147528
147596
147662
148096
148105
148141
148193
148283
148292
148398
148502
148649
148676
148939
148957
148968
149006
149007
149073
149272
149345
149422
149618
149753
149771
149854
149888
149975
149989
150013
150016
150053
150335
150523
150571
150634
150849
150976
151004
151102
151205
151217
151226
151439
151441
151499
151575
151740
151749
151988
152263
152477
152710
152854
152968
152968
153015
153061
153296
153366
153387
153502
153624
153837
154000
154016
154060
154062
154104
154108
154217
154452
154590
154618
154622
154902
155052
155246
155265
155351
155485
155526
155546
155548
155549
155608
155651
155783
155880
156124
156135
156251
156527
156531
156536
156539
156547
156647
156700
156759
156783
156820
156869
156974
157104
157125
157137
157218
157480
157513
157614
157648
157661
157725
157792
157875
157967
158149
158254
158330
158335
158360
158363
158678
158733
158744
158750
158760
158800
158809
158812
158824
158859
158988
159063
159088
159159
159415
159447
159477
159716
159740
159771
159880
159906
159999
160063
160086
160268
160273
160494
160557
160562
160579
160686
160830
160943
161493
161991
162062
162338
162486
162548
162577
162728
162785
162807
162842
162978
163025
163029
163124
163192
163209
163253
163277
163350
163432
163467
163515
163597
163746
163767
163808
163841
163883
164090
164229
164240
164273
164375
164630
164646
164866
165276
165440
165456
165519
165676
165759
165856
165964
166030
166248
166403
166470
166627
166990
167035
167056
167078
167141
167182
167346
167455
167498
167540
167570
167792
167820
167989
168112
168121
168169
168270
168276
168342
168352
168431
168607
168646
168663
168710
168713
168910
169055
169073
169153
169208
169534
169561
169898
170047
170104
170106
170120
170195
170219
170227
170507
170598
170609
170691
170956
171153
171307
171338
171491
171497
171527
171543
171676
171888
171939
171961
171977
172101
172128
172175
172523
172575
172609
172822
172903
173025
173077
173164
173349
173352
173453
173932
173946
173949
174020
174070
174299
174392
174694
174694
174795
175138
175493
175560
175710
175799
176162
176184
176263
176434
176757
176780
176807
177194
177330
177365
177425
177488
177672
177872
177875
177938
178065
178166
178341
178360
178431
178446
178512
178560
178560
178644
178838
178994
179013
179074
179202
179211
179367
179403
179528
179529
179578
179732
179761
179899
179901
179995
180167
180193
180282
180352
180427
180711
180747
180868
180898
180938
181043
181129
181148
181171
181235
181299
181302
181360
181402
181410
181642
181953
181958
182112
182179
182319
182357
182476
182574
182627
182934
183050
183266
183404
183410
183717
184020
184085
184378
184441
184513
184639
184973
185339
185415
185675
185863
185922
186133
186196
186252
186378
186410
186547
186547
186711
186748
186752
186779
186782
186840
186915
186994
187046
187074
187329
187348
188017
188030
188182
188259
188269
188430
188462
188547
188569
188672
188717
188783
188904
188919
188936
189217
189301
189531
189564
189652
189742
189804
189823
190026
190247
190284
190376
190384
190391
190409
190546
190564
190572
190619
190620
190644
190974
191150
191156
191290
191411
191447
191456
191497
191571
191580
191624
191668
191714
191879
191971
192012
192025
192268
192329
192590
192616
192980
192986
193176
193225
193306
193485
193718
193735
193745
193767
193782
193928
193959
194141
194165
194252
194269
194332
194539
194701
194722
194746
194836
195065
195099
195133
195157
195186
195218
195222
195234
195281
195425
195436
195773
195858
195902
195987
196260
196340
196356
196731
196773
196863
196988
197002
197078
197112
197154
197829
197922
198127
198219
198219
198328
198417
198887
198907
198931
198953
199396
199451
199667
199684
199718
199739
199740
199773
199967
200124
200220
200442
200534
200677
200790
200822
200844
201138
201188
201285
201330
201389
201431
201457
201480
201520
201581
201616
201680
201935
202060
202282
202412
202430
202626
203252
203373
203443
203455
203626
203762
203840
203964
204062
204098
204105
204449
204485
204577
204657
204808
204972
204992
205132
205355
205503
205504
205584
205591
205955
206179
206399
206456
206518
206562
206657
206660
206828
206873
206882
206938
206939
207011
207141
207211
207483
207585
207601
207604
207611
207858
207865
208054
208097
208283
208414
208448
208470
208512
208544
208668
208684
208743
208825
208990
208992
209021
209044
209257
209484
209617
209653
209670
209758
210040
210213
210214
210363
210391
210530
210553
210586
210588
210729
210742
210775
210907
210983
211123
211145
211211
211264
211594
211694
211841
212006
212038
212061
212111
212167
212233
212277
212323
212371
212383
212525
212628
212687
212813
212886
212922
213089
213244
213288
213301
213354
213470
213563
213571
213578
213609
213865
213883
213896
214005
214018
214108
214234
214259
214385
214464
214471
214565
214734
214767
214812
214824
214892
214956
215284
215313
215351
215405
215587
215588
215752
215917
216046
216115
216164
216383
216433
216577
216587
216686
216850
216902
217007
217014
217059
217246
217304
217324
217354
217389
217456
217481
217564
217590
217725
217809
218036
218082
218205
218265
218347
218347
218367
218444
218449
218513
218568
218744
218754
218797
218944
219201
219456
219463
219503
219613
219770
219962
220136
220175
220487
220489
220550
220619
220619
220652
220683
220710
220750
220753
220770
220826
220860
220989
220991
221005
221022
221117
221143
221208
221248
221309
221464
221605
221672
221681
222563
222791
222845
222965
223136
223333
223410
223527
223541
223702
224010
224018
224025
224307
224545
224565
224630
224667
224765
224969
225029
225209
225328
225378
225423
225558
225797
225853
225947
226148
226158
226266
226500
226727
226763
227142
227182
227194
227360
227460
227467
227473
227519
227523
227537
227670
227760
227870
228025
228336
228454
228463
228629
228677
228904
228931
229068
229198
229250
229361
229599
229641
229676
230053
230245
230284
230601
230659
230660
230699
230807
231082
231092
231196
231252
231254
231329
231384
231482
231572
231644
231771
231833
232030
232059
232086
232121
232230
232526
232534
232546
232584
232646
232662
232667
232698
232924
232986
232996
233072
233122
233143
233188
233290
233362
233586
233654
233988
234039
234079
234103
234128
234144
234161
234200
234313
234361
234453
234937
234950
235032
235149
235150
235370
235658
235681
235882
236005
236130
236152
236180
236253
236337
236428
236453
236565
236832
236841
236842
236879
236924
237062
237226
237274
237314
237336
237404
237527
237599
237616
237660
237672
237841
237862
238154
238312
238478
238587
238605
238800
238947
239099
239148
239213
239217
239331
239542
239546
239704
239761
239936
240025
240042
240089
240169
240248
240265
240280
240329
240334
240530
240575
240796
240911
241048
241067
241130
241165
241177
241302
241341
241491
241553
241588
241668
241773
241835
241837
241883
242032
242104
242111
242112
242125
242128
242213
242224
242555
242686
242745
242882
243038
243154
243511
243612
243797
243847
244005
244008
244040
244072
244073
244106
244132
244137
244427
244493
244575
244593
244616
244626
244713
244724
244839
244947
244960
244963
245215
245219
245394
245783
245910
246090
246150
246318
246423
246506
246567
246588
246693
246705
246753
246769
246769
246889
247070
247210
247242
247270
247348
247630
247669
247690
247706
247747
247877
248043
248155
248221
248243
248324
248416
248424
248469
248510
248560
248729
248729
248828
248921
248945
249004
249095
249144
249196
249228
249317
249359
249371
249518
249650
249836
249855
249879
249892
249910
249941
250002
250156
250270
250308
250433
250494
250739
250755
250802
251053
251072
251225
251228
251241
251341
251640
251819
251903
251976
252112
252114
252248
252358
252751
252832
252861
252889
252921
252934
252979
253113
253170
253234
253338
253398
253440
253459
253499
253714
253747
254053
254193
254408
254555
254570
255045
255084
255222
255470
255599
255769
256111
256132
256282
256392
256459
256471
256477
256524
256778
256952
256965
256985
257077
257262
257801
257813
257825
257952
258027
258238
258239
258311
258466
258530
258573
258627
258717
258750
258761
258792
258836
258879
258892
258908
259022
259158
259503
259566
259614
259625
259664
259741
259803
259847
260478
260651
260653
260856
260891
261014
261020
261282
261408
261634
261911
261943
262184
262192
262261
262383
262584
262621
262710
262857
262995
262995
263174
263201
263313
263458
263507
263691
263720
263800
263851
264017
264032
264055
264072
264073
264324
264356
264382
264387
264439
264461
264471
264539
264652
264745
264770
264920
264927
264994
265034
265068
265110
265118
265131
265370
265567
265650
265665
265757
266076
266098
266124
266249
266280
266364
266526
266538
266586
266729
266872
267022
267032
267076
267101
267171
267264
267336
267379
267448
267457
267542
267590
267688
267696
267794
267811
267958
268078
268330
268353
268361
268434
268550
268758
268764
268804
268844
268866
269011
269071
269095
269204
269240
269471
269597
269613
269712
269860
269863
270086
270182
270280
270280
270388
270436
270478
270494
270498
270649
270685
270687
270910
270930
271056
271200
271246
271288
271369
271434
271482
271506
271544
271545
271574
271608
271796
271819
272011
272069
272084
272216
272256
272372
272389
272445
272499
272617
272759
272765
272841
272855
273041
273051
273267
273308
273349
273379
273432
273443
273589
273619
273672
273792
273957
274192
274402
274518
274584
274741
274799
274824
275064
275152
275233
275357
275449
275481
275487
275500
275659
275781
275883
275908
276015
276079
276104
276414
276692
276745
276792
276824
276897
276935
276983
277356
277418
277454
277656
277686
277748
278078
278334
278433
278435
278487
278747
278750
278757
278844
278953
279014
279034
279126
279227
279261
279345
279411
279525
279526
279555
279576
279585
279597
279608
279872
279915
280268
280268
280319
280379
280381
280418
280465
280505
280690
280766
280775
280895
281041
281041
281320
281443
281648
281657
281919
281926
282172
282175
282254
282314
282367
282697
282786
283128
283291
283297
283449
283511
283596
283796
283848
283859
283912
284351
284566
285116
285167
285181
285296
285338
285654
285722
285790
285877
285916
286110
286124
286128
286306
286329
286389
286454
286526
286645
286854
286990
287105
287186
287432
287529
287627
287753
287779
287870
287943
287956
288217
288653
288683
288888
288969
289032
289308
289630
289782
289818
289832
289883
290050
290104
290171
290239
290271
290316
290895
291086
291131
291327
291337
291404
291435
291439
291791
291862
291904
292015
292024
292138
292189
292374
292405
292409
292500
292571
292595
292600
292861
292900
293310
294101
294148
294251
294262
294296
294431
294685
295082
295412
295538
295617
295710
295815
295856
295897
295936
296035
296040
296190
296341
296414
296437
296446
296460
296631
296696
296702
296730
296733
296768
296944
296973
297063
297150
297167
297208
297209
297227
297274
297336
297368
297813
297850
297875
297898
297946
298095
298097
298334
298342
298445
298721
298730
298752
298959
299056
299085
299131
299322
299374
299591
299601
299652
299799
299847
300058
300374
300462
300665
300732
300850
300931
300969
301209
301237
301257
301471
301528
301923
301945
301992
302078
302325
302613
302779
302794
302814
303027
303333
303389
303394
303457
303459
303483
303644
303731
303806
303842
303908
304002
304264
304546
304768
304983
305132
305134
305215
305378
305380
305473
305500
305798
306069
306081
306091
306187
306287
306331
306429
306642
306990
307007
307091
307148
307220
307269
307337
307429
307683
307687
307688
307750
307778
307808
307838
307866
307889
308136
308161
308234
308520
308566
308651
308751
308982
309213
309297
309369
309787
309827
310031
310188
310234
310239
310616
310693
310706
310826
310895
311059
311123
311125
311456
311570
311625
311906
311952
311954
312076
312095
312283
312346
312401
312492
313328
313459
313514
313755
313906
313943
313976
314068
314082
314197
314219
314220
314250
314733
314776
314838
314871
315353
315392
315418
315425
315505
315647
315702
315758
315768
315771
315779
315800
316070
316149
316348
316502
316624
316633
316737
316944
317060
317123
317219
317231
317289
317294
317359
317458
318172
318234
318380
318396
318450
318524
318622
318917
318935
319052
319445
319590
319591
319595
319668
319707
319740
319795
320126
320245
320251
320252
320275
320606
320675
320730
320852
320879
320893
321013
321027
321045
321077
321178
321244
321738
321758
321762
321893
321909
322167
322329
322413
322531
322616
322645
322796
322828
322915
323003
323114
323277
323520
323537
323861
323895
323938
324161
324216
324230
324424
324488
324520
324534
324549
324563
324701
324745
324757
324779
325139
325457
325503
325584
325605
325849
325988
326032
326034
326364
326410
326596
326602
326733
326954
326980
327026
327040
327159
327224
327320
327363
327390
327398
327404
327466
327508
327512
327543
327610
327631
327702
327790
328043
328065
328102
328110
328147
328445
328714
329153
329191
329191
329235
329273
329551
330139
330145
330213
330321
330321
330343
330536
330613
330870
331120
331130
331181
331183
331211
331233
331248
331303
331401
331451
331456
331464
331470
331650
331663
331717
331757
331833
331960
332018
332214
332303
332458
332459
332879
332988
333018
333131
333161
333381
333430
333569
333600
333607
333660
333731
334025
334141
334177
334223
334332
334381
334460
334782
334786
335196
335306
335365
335398
335526
335535
335584
335603
335626
335660
335857
335923
336284
336640
336708
336799
336934
336942
336968
337025
337122
337339
337422
337463
337600
337605
337617
337673
337686
337686
337688
337850
338178
338332
338411
338421
338529
338650
338765
339016
339332
339335
339594
339622
339634
339785
339797
339876
339966
340038
340097
340315
340418
340638
340670
341034
341071
341073
341116
341271
341350
341388
341466
341473
341480
341500
341502
341615
341920
341945
341992
342102
342187
342221
342301
342360
342652
342675
342685
342844
342899
342930
343079
343141
343205
343236
343245
343384
343412
343433
343653
343868
344036
344101
344147
344154
344687
344728
345086
345149
345161
345255
345258
345309
345406
345431
345785
345921
345957
346024
346119
346159
346376
346516
346524
346587
346792
347058
347284
347315
347366
347449
347814
347834
347881
348005
348058
348082
348394
348441
348563
348597
348607
348634
349129
349193
349216
349222
349302
349322
349340
349369
349371
349432
349528
349830
349886
349946
350019
350164
350200
350271
350571
350578
350589
350658
350743
351030
351122
351130
351244
351287
351315
351334
351493
351765
351816
351888
352089
352347
352401
352471
352505
352739
352755
352817
352920
352927
352960
353089
353240
353278
353287
353516
353635
353659
353676
353725
353897
353984
354034
354106
354246
354379
354430
354591
354823
355114
355122
355159
355256
355327
355392
355502
355556
355637
355698
355729
355730
355755
355781
356110
356114
356187
356495
356519
356603
356923
356929
357035
357040
357124
357202
357208
357277
357564
357728
357823
357925
357987
358142
358201
358432
358449
358987
359029
359067
359122
359218
359360
359741
359775
359805
359830
360101
360143
360274
360670
360672
360834
360874
360924
361080
361099
361182
361259
361285
361388
361590
361873
362041
362128
362201
362322
362363
362365
362415
362952
363100
363188
363196
363251
363355
363360
363620
363686
363728
363793
363847
363849
363879
364065
364094
364106
364185
364348
364549
364815
364845
364906
364965
365037
365093
365122
365193
365379
365578
365635
365643
365669
365790
365900
365907
365966
365971
366371
366393
366801
367022
367036
367050
367108
367180
367220
367254
367355
367712
367770
367774
367792
367867
367947
368137
368284
368405
368468
368501
368654
368683
368826
368858
368888
368938
368963
369006
369164
369482
369503
369510
369526
369592
369899
369945
370130
370158
370208
370342
370492
370551
370588
370594
370665
370679
370751
370848
370945
371075
371285
371310
371523
371552
371725
371748
371865
371929
371940
372028
372067
372226
372261
372315
372372
372540
372583
372628
372818
372937
372996
373012
373024
373405
373415
373534
373595
373619
373650
373701
373707
373745
374076
374128
374169
374243
374259
374453
374938
375237
375316
375787
375920
375937
375937
376022
376115
376125
376665
376684
376737
376890
376984
377039
377105
377186
377190
377291
377313
377360
377406
377420
377427
377454
377488
377614
377656
377710
377726
377731
377754
377887
377901
377915
377961
377993
378017
378094
378126
378155
378278
378352
378547
378666
379115
379168
379224
379389
379503
379614
379667
379677
379739
379799
380184
380230
380260
380445
380626
380629
380648
380714
380789
380855
380932
381093
381259
381536
381612
381647
381693
381815
381840
381961
382031
382302
382366
382398
382504
382513
382574
382606
382613
382856
382877
382942
382958
383056
383089
383248
383332
383367
383370
383387
383468
383713
383981
384070
384175
384200
384259
384332
384632
384805
384910
384918
385103
385154
385537
385604
385795
385978
386031
386102
386273
386282
386382
386496
386755
386812
386859
386976
386992
387002
387245
387253
387254
387301
387323
387424
387557
387594
387605
387849
387951
388002
388051
388192
388228
388269
388287
388307
388401
388409
388624
388730
388759
388860
388879
388894
388912
388932
389107
389237
389253
389408
389447
389531
389559
389624
389866
390288
390415
390428
390473
390542
390679
390770
390882
390885
390969
391272
391613
391782
391827
391842
391958
391999
392018
392059
392528
392556
392565
392654
392812
392850
393072
393078
393306
393599
393610
393690
393860
393863
394032
394208
394258
394272
394723
394740
394797
394828
394831
394951
394998
395080
395087
395169
395211
395225
395316
395342
395456
395549
395592
395900
395934
396163
396584
396737
396763
396772
396970
397006
397050
397085
397130
397237
397263
397272
397368
397487
397506
397683
397746
397753
397785
397885
397919
397952
397973
398360
398363
398424
398433
398495
398619
398925
398981
399031
399045
399062
399092
399134
399199
399795
399961
400057
400079
400151
400244
400269
400280
400292
400365
400464
400487
400528
400570
400651
400724
400734
400903
401050
401152
401207
401245
401786
402148
402318
402352
402785
402978
403060
403353
403490
403504
403630
403784
404091
404232
404357
404507
404523
404571
404698
404716
405087
405463
405784
405789
405980
406045
406278
406284
406476
406696
406901
407016
407517
407520
407581
407854
408107
408202
408218
408391
408393
408490
408809
408815
408896
409054
409123
409271
409320
409324
409639
409717
409810
409885
409929
410026
410199
410233
410360
410387
410423
410427
410443
410566
410685
410704
410959
410977
411018
411058
411202
411237
411333
411513
411720
411744
411838
411930
411950
411960
412187
412233
412251
412318
412533
412765
412789
412922
413272
413385
413409
413443
413556
413663
413952
413990
414000
414136
414219
414251
414379
414786
414809
414848
414969
415070
415097
415103
415138
415158
415186
415349
415620
415724
415756
415765
415783
415964
416013
416272
416453
416478
416537
416590
416680
416776
416777
416797
416921
416924
416926
416959
416965
417438
417482
417617
417701
417712
417718
417752
417866
418178
418321
418330
418392
418441
418540
418550
418676
418702
418730
418832
419038
419108
419166
419168
419317
419625
419693
419766
419874
419982
420006
420060
420091
420121
420181
420189
420466
420555
420869
420972
421059
421080
421271
421280
421331
421457
421659
421660
421727
421774
421913
421967
421973
421974
421988
422165
422430
422650
422690
422981
423162
423213
423338
423349
423496
423499
423645
423675
423725
423828
424064
424365
424392
424671
424674
424820
425031
425279
425426
425429
425559
425708
425788
425887
426041
426363
426398
426404
426476
426568
426649
426704
426754
426788
426794
426972
427059
427249
427414
427523
427681
427692
427742
428065
428073
428159
428398
428618
428673
428768
428913
428916
429168
429301
429407
429726
429738
429741
429877
429906
430244
430386
430541
430615
430844
430875
430972
431031
431374
431646
431650
432275
432287
432324
432324
432617
433096
433106
433225
433234
433469
433515
433550
433736
433794
433926
433926
434117
434125
434349
434369
434376
434402
434418
434432
434544
434581
434821
434898
435039
435207
435268
435423
435476
435763
435828
435901
435931
435955
436005
436085
436150
436234
436304
436442
436571
436595
436679
436861
437007
437152
437209
437289
437367
437447
437466
437470
437641
437664
437963
438015
438065
438106
438161
438328
438453
438732
438789
438910
439077
439320
439384
439409
439415
439467
439488
439660
439810
439841
439925
440152
440241
440346
440348
440570
440612
440645
440678
440719
440749
440943
441099
441191
441230
441233
441397
441431
441592
441826
442021
442090
442197
442206
442218
442303
442436
442489
442501
442506
442547
442752
443066
443136
443141
443237
443275
443399
443553
443591
443667
443719
443990
444190
444242
444372
444383
444423
444514
444772
444816
444818
445151
445257
445323
445549
445576
445586
445642
445680
445728
445778
445828
445915
446062
446180
446371
446446
446502
446549
446575
446706
446715
446743
447039
447111
447210
447248
447252
447269
447273
447304
447323
447330
447369
447402
447509
447691
447722
447907
448031
448051
448261
448273
448486
448599
448680
448740
448794
448942
448965
448987
449092
449105
449115
449386
449405
449485
449811
449896
449901
449946
449970
450072
450326
450348
450517
450569
450787
450906
450963
450966
450993
451176
451224
451326
451441
451457
451831
451890
451973
452061
452084
452190
452193
452202
452330
452447
452483
452501
452505
452618
452667
452723
453092
453100
453122
453137
453178
453262
453323
453373
453544
453637
453658
453717
453749
454108
454185
454318
454333
454362
454615
454712
454800
454838
454874
454931
454994
455085
455147
455152
455256
455556
455968
456142
456157
456302
456454
456531
456571
456616
456636
456642
456776
456864
456945
456946
456960
457139
457210
457317
457343
457446
457467
457526
457664
457852
457902
457920
457957
458142
458177
458251
458251
458270
458411
458553
458732
458918
459117
459158
459172
459299
459384
459521
459774
459877
460271
460286
460432
460437
460574
460576
460835
460952
460954
460979
461110
461122
461240
461321
461382
461425
462043
462100
462206
462211
462338
462488
462602
462755
462892
463274
463630
463722
463840
463940
463971
463973
464115
464136
464307
464355
464390
464599
464698
464714
464744
464780
465088
465121
465223
465402
465721
465827
465863
465940
465961
466109
466112
466141
466248
466441
466598
466698
466914
467102
467177
467187
467203
467321
467373
467524
467628
467656
467787
467999
468425
468747
468855
468879
468915
468916
469096
469107
469128
469309
469350
469360
469409
469412
469507
469613
469681
469701
469913
470013
470071
470107
470145
470248
470284
470352
470352
470450
470471
470524
470541
470572
470671
470744
470781
470903
471017
471122
471186
471258
471299
471326
471362
471430
471648
471648
471797
471825
472372
472621
472870
472891
472909
472978
473100
473104
473141
473224
473373
473386
473430
473557
473672
473709
473819
474043
474156
474263
474294
474339
474382
474405
474464
474469
474560
474670
474779
474899
474972
475116
475129
475182
475215
475281
475396
475580
475583
475619
475710
475766
475911
475937
475958
475979
475987
476000
476004
476106
476179
476187
476421
476548
476561
476820
476875
476887
476889
477165
477345
477384
477387
477434
477477
477534
477577
477842
477963
478094
478148
478149
478172
478173
478301
478303
478362
478409
478428
478574
478594
478601
478807
478808
479050
479061
479072
479117
479143
479183
479219
479622
479634
480054
480060
480073
480120
480135
480144
480159
480222
480255
480336
480382
480453
480460
480690
480711
480759
480804
480805
480864
480885
481017
481157
481377
481465
481546
481676
481783
481848
481976
482264
482323
482543
482750
482861
482905
482956
483098
483391
483407
483472
483486
483629
483699
483777
483965
484095
484227
484609
484652
484757
484773
484860
484866
484921
484949
485086
485466
485604
485634
485737
485800
485854
486159
486173
486179
486236
486243
486374
486650
486955
487047
487239
487457
487463
487569
487623
487635
487651
487658
487698
487746
487781
487817
487827
487943
487958
487987
488020
488080
488169
488289
488385
488573
488715
488782
488841
488853
488935
488992
489082
489140
489188
489255
489298
489325
489364
489395
489686
489864
490020
490075
490198
490269
490493
490569
490597
490650
490782
490816
490951
490973
491062
491286
491464
491556
491689
492344
492416
492565
492570
492684
492769
492796
492914
493049
493234
493287
493436
493568
493825
493895
493962
494070
494104
494116
494208
494320
494530
494573
494582
494973
495041
495048
495198
495322
495334
495348
495358
495420
495498
495511
495535
495588
495596
495733
495775
495834
495935
496056
496349
496376
496421
496439
496575
496699
496772
496894
496971
497126
497138
497141
497233
497249
497276
497308
497428
497440
497490
497664
497671
497753
497928
498071
498095
498118
498255
498313
498399
498513
498647
498720
498822
498835
498899
499220
499471
499527
499597
499873
499903
500603
500623
500658
500673
500805
500930
501237
501400
501565
501583
501630
501641
501746
501746
501868
501975
502014
502051
502320
502471
502574
502756
502850
502903
503057
503085
503113
503114
503421
503472
503501
503511
503517
503550
503655
503733
503854
503854
503923
504244
504308
504335
504358
504407
504539
504544
504567
504616
504749
504976
505001
505072
505188
505310
505622
505623
505733
505939
506048
506081
506209
506401
506529
506673
506953
506973
507004
507035
507060
507114
507343
507388
507475
507485
507611
507701
507928
507948
508261
508280
508330
508341
508501
508784
509010
509031
509049
509063
509103
509106
509486
509610
509668
509724
509863
510027
510090
510104
510130
510132
510379
510731
510732
510836
510996
511495
511608
511716
511797
511859
511972
512038
512209
512347
512526
512579
512727
512816
512982
513159
513287
513303
513316
513333
513681
513705
513908
514136
514182
514294
514334
514479
514505
514565
514566
514712
514807
514917
515292
515307
515448
515476
515665
515753
515810
515832
515873
515964
515999
516182
516192
516207
516286
516341
516712
516730
516828
516868
517177
517300
517354
517371
517381
517437
517573
517651
517669
517741
517815
517855
517964
518016
518061
518146
518257
518296
518430
518498
518520
518572
518621
518662
518682
518971
519071
519155
519279
519301
519342
519363
519366
519422
519443
519446
519474
519778
519939
519956
519998
520001
520016
520080
520118
520161
520235
520293
520305
520499
520520
520624
520680
520728
520955
521226
521306
521458
521747
521901
521930
521986
521987
522001
522094
522137
522354
522553
522574
522786
522841
523135
523218
523344
523440
523535
523587
523654
523757
523778
523782
523841
523843
523947
524038
524073
524238
524256
524338
524470
524495
524556
524592
524609
524613
524629
524631
524693
524768
524850
524876
525425
525463
525471
525512
525651
525685
525972
526000
526336
526351
526703
526761
526891
526994
527111
527156
527186
527281
527494
527500
527556
527622
527666
527721
528054
528075
528402
528436
528601
528663
528956
529176
529295
529340
529596
529658
529669
529694
529721
529737
529756
529900
529910
530141
530265
530280
530319
530396
530466
530493
530719
530787
530796
530830
531128
531138
531186
531317
531337
531357
531397
531472
531515
531528
531544
531626
531769
531883
531949
532217
532252
532254
532394
532473
532660
533277
533397
533613
533944
533994
534102
534114
534154
534253
534426
534466
534676
534885
534973
535126
535197
535348
535446
535498
535580
535630
535736
535750
535965
535975
536009
536011
536019
536307
536316
536526
536608
536635
536755
537022
537374
537382
537390
537640
537765
537846
538090
538340
538493
538938
539144
539217
539274
539324
539377
539586
539740
539912
540365
540432
540439
540441
540473
540586
540650
540680
540686
540839
540852
541005
541044
541214
541257
541260
541351
541431
541508
541547
541573
541585
541627
541643
541777
541829
541878
542017
542069
542194
542240
542423
542475
542511
542579
542605
542714
542879
542927
543034
543077
543117
543274
543336
543406
543853
543984
544002
544093
544195
544206
544233
544246
544261
544396
544432
544475
544504
544526
544540
544550
544629
544661
544692
544726
545091
545198
545334
545342
545438
545525
545548
545573
545610
545705
545905
545934
545983
546020
546111
546238
546250
546354
546457
546630
546656
546843
547214
547397
547440
547468
547542
547654
547688
547691
547730
547901
547916
548279
548302
548362
548439
548548
548827
548990
548992
549039
549170
549290
549407
549497
549532
549673
549753
549786
549786
549896
549934
549969
550149
550180
550437
550458
550541
550648
550791
550813
550839
550862
550895
550898
550946
550958
551065
551157
551283
551366
551579
551700
551722
551810
551963
552028
552063
552127
552182
552262
552304
552405
552512
552745
552793
552879
553266
553345
553402
553421
553494
553548
553687
553693
553772
553946
553968
554084
554159
554495
554576
554639
554795
554972
555028
555615
556037
556116
556298
556335
556349
556400
556459
556487
556638
556666
556745
556778
556897
557040
557210
557307
557357
557461
557462
557538
557610
557612
557698
558007
558009
558091
558217
558256
558283
558317
558462
558464
558504
558735
558839
558903
558941
558952
559294
559335
559468
559501
559516
559709
559765
559798
559954
560022
560069
560137
560229
560314
560457
560605
560616
560861
560957
561121
561362
561453
561488
561507
561535
561815
562009
562018
562025
562409
562473
562574
562619
562622
562637
562808
562963
563158
563218
563395
563556
563641
563755
563831
563833
564050
564080
564945
565050
565058
565066
565125
565276
565335
565397
565456
565463
565556
565650
565667
565715
565731
565761
565790
565838
565913
566063
566103
566103
566182
566259
566296
566528
566576
566582
566720
566868
567422
567436
567500
567502
567681
567850
567850
567900
567937
568280
568387
568463
568569
568616
568761
568782
568808
569200
569396
569456
569459
569505
569927
569950
569950
569963
570237
570284
570295
570475
570587
570954
571034
571102
571184
571192
571422
571521
571575
571611
571616
571684
571738
571970
572345
572406
572618
572804
572852
572855
573014
573018
573093
573114
573330
573384
573398
573423
573564
573635
573794
573961
574003
574329
574389
574590
574729
574778
574816
574868
574953
575033
575055
575213
575270
575312
575321
575357
575550
575616
575766
575791
575928
576191
576349
576440
576775
576862
576966
577298
577314
577620
577724
578124
578267
578610
578649
578787
578812
578884
578998
579022
579182
579258
579437
579457
579692
579826
580226
580295
580374
580390
580501
580689
581044
581331
581342
581383
581501
581520
581548
581605
581613
581645
581816
582142
582629
582682
582875
582879
582988
583013
583060
583073
583550
583572
583611
583640
583661
583808
583813
583987
584039
584189
584287
584339
584408
584588
584619
584668
584704
584893
584925
584945
584947
584960
584963
584978
585005
585048
585134
585704
585723
585755
585845
585895
585921
586002
586195
586289
586311
586376
586595
586985
587100
587192
587262
587613
587640
587674
587701
587841
587855
587994
588059
588080
588102
588374
588481
588562
588576
588616
588843
588877
588905
588909
589096
589127
589173
589246
589323
589330
589375
589833
589905
590030
590031
590293
590369
590369
590380
590498
590507
590594
590676
590729
590900
590924
590947
590955
591037
591073
591156
591325
591449
591516
591647
591682
591741
591876
592155
592316
592338
592404
592433
592570
592627
592725
592732
592757
592781
592804
592858
593059
593121
593173
593227
593555
593603
593740
593802
593866
593961
594074
594080
594145
594194
594201
594237
594433
594610
594715
594723
594734
594905
595178
595201
595321
595397
595404
595510
595590
595667
595780
595886
596086
596119
596232
596460
596546
597091
597139
597258
597326
597351
597386
597519
597701
597703
597745
598022
598059
598111
598117
598256
598416
598421
598444
598492
598829
599152
599185
599270
599331
599353
599414
599561
599663
599726
599728
599744
599762
599891
599930
599997
600011
600030
600498
600512
600661
600677
600792
600815
600818
601024
601358
601486
601518
601811
601863
602013
602068
602117
602290
602362
602403
602695
602713
602752
602895
603124
603167
603274
603303
603426
603462
603479
603933
603934
603957
604036
604058
604167
604525
604581
604582
604649
604671
604700
604895
604911
605147
605228
605281
605323
605323
605420
605468
605496
605606
605786
605821
605933
606091
606303
606432
606522
606541
606560
606683
606685
606749
606843
606866
606892
607111
607120
607194
607197
607297
607437
607469
607530
607608
607682
607841
608022
608290
608321
608439
608534
608632
608863
608950
609029
609289
609633
609693
609973
609990
610234
610505
610581
610602
610646
610804
610912
611208
611232
611258
611366
611368
611423
611439
611623
611730
611748
611855
612121
612125
612137
612139
612147
612219
612273
612287
612650
612775
612890
613143
613181
613396
613474
613695
613716
613756
613844
613852
613981
614045
614126
614211
614481
614498
614521
614599
614642
614648
614765
614858
614930
615039
615167
615270
615393
615417
615535
615647
615777
616151
616151
616185
616211
616267
616392
616628
616669
616674
616765
616861
616906
616946
616972
617151
617526
617540
617555
617698
617876
618108
618266
618291
618388
618418
618431
618560
618573
618769
618793
618852
619031
619044
619158
619208
619264
619282
619345
619468
619469
619510
619812
620155
620311
620379
620527
620694
620816
621008
621165
621180
621181
621217
621368
621435
621463
621638
621702
621811
621879
622160
622198
622302
622489
622588
622694
622722
622825
623034
623145
623295
623381
623453
623546
623558
623618
623627
623646
623675
623897
624621
625260
625286
625326
625740
625876
625981
626032
626319
626367
626545
626638
626796
626849
626921
626965
626979
627260
627420
627516
627578
627638
627670
627829
628045
628096
628174
628184
628298
628435
628853
628878
628986
629034
629068
629246
629247
629312
629357
629468
629474
629592
629618
629738
629834
629885
629921
630180
630180
630236
630257
630268
630338
630377
630467
630499
630511
630526
630644
630835
630857
630929
630944
631025
631058
631058
631149
631289
631382
631410
631481
631562
631584
631592
631856
631877
632049
632171
632293
632886
632997
633042
633278
633288
633445
633506
633838
633937
633938
634053
634061
634237
634469
634665
634755
634765
634784
634789
634862
634909
634953
635084
635184
635330
635342
635476
635478
635720
635841
635866
636118
636121
636137
636336
636658
636789
636798
636894
636950
637047
637049
637230
637273
637393
637439
637439
637547
637682
637760
637780
637874
637921
637992
638211
638224
638243
638324
638404
638448
638485
638491
638584
638702
638821
638847
638861
638863
638973
639146
639199
639365
639479
639630
639723
639752
639803
639918
639958
640012
640055
640345
640346
640376
640512
640645
640796
640967
641268
641338
641471
641507
641625
641719
641720
641753
641910
641977
642462
642503
642525
642654
642663
642850
642884
643052
643267
643311
643376
643478
643567
643697
644070
644174
644225
644589
644686
644710
644766
644790
644891
644934
645075
645107
645122
645135
645244
645258
645287
645397
645467
645614
645658
645680
645778
645901
645916
646075
646386
646577
646628
646771
646782
646789
646805
647117
647175
647241
647512
647553
647715
647780
647843
648076
648106
648159
648221
648378
648390
648842
648937
649129
649210
649230
649256
649306
649385
649415
649420
649612
649786
649879
649932
650046
650291
650299
650392
650462
650787
650815
650895
651029
651098
651326
651613
651646
651735
651763
651792
651824
651860
652111
652113
652188
652315
652633
652675
652879
652898
652935
653054
653156
653165
653358
653486
653799
654057
654068
654383
654506
654525
654621
654811
654974
655039
655186
655266
655272
655341
655418
655443
655468
655537
655542
655557
655588
655640
655795
655797
656102
656227
656704
656951
657046
657266
657350
657387
657469
657540
657617
657673
657703
657793
657829
657986
658075
658228
658554
658869
658883
658922
659021
659063
659150
659201
659281
659305
659432
659481
659741
659977
660019
660031
660187
660308
660384
660408
660438
660501
660801
660812
660839
661105
661252
661452
661470
661619
661631
661770
661774
661800
662166
662270
662353
662388
662403
662519
662522
662570
662688
662693
662840
662859
662923
663022
663043
663160
663290
663305
663311
663311
663369
663404
663405
663453
663486
663524
663578
663601
664187
664221
664239
664253
664490
664611
664682
664706
664857
664871
664899
664927
665410
665510
665740
665835
665885
665907
666079
666124
666633
666639
666644
666658
666681
666912
667080
667264
667306
667332
667351
667367
667469
667487
667573
667606
667674
667687
667704
667868
667968
668082
668139
668180
668286
668429
668430
668470
668553
668562
668614
668682
668923
668975
669038
669270
669373
669405
669448
669466
669551
669609
669857
670045
670061
670068
670123
670129
670228
670342
670359
670448
670552
670636
670766
670862
670892
671082
671140
671178
671229
671278
671325
671668
671757
671906
671935
672198
672257
672312
672322
672361
672437
672461
672484
672586
672630
672895
672941
672943
673000
673040
673186
673282
673386
673407
673420
673570
673650
673678
673907
673950
673978
674021
674052
674108
674145
674203
674241
674249
674350
674414
674480
674493
674556
674738
674851
674872
674993
675079
675428
675526
675571
675607
675771
675875
675910
675937
676128
676201
676355
676395
676640
676859
677095
677444
677953
678131
678142
678436
678440
678496
678778
678853
678930
679105
679129
679158
679187
679454
679460
679499
679536
679603
679646
679659
679704
679711
679757
679813
679933
680039
680077
680241
680267
680392
680509
680660
680690
680695
681073
681201
681233
681242
681248
681294
681465
681624
681677
681749
681780
681974
682052
682342
682409
682470
682484
682506
682523
682576
682824
682865
682868
682891
682989
683010
683160
683405
683443
683446
683728
683751
683756
683864
683890
683920
683973
683997
684038
684200
684220
684408
684719
684784
684964
685116
685210
685261
685321
685333
685371
685748
685750
685774
685831
685877
685878
685974
686056
686058
686211
686409
686523
686654
686809
686819
686865
686897
687207
687210
687281
687347
687463
687521
687574
687678
687709
688042
688107
688189
688438
688445
688592
688698
688884
688941
688954
689019
689093
689269
689294
689449
689552
689586
689631
689918
689936
690032
690127
690157
690174
690265
690543
690624
690651
690667
690806
690877
691000
691110
691143
691164
691215
691340
691585
691630
691773
691910
692098
692353
692361
692446
692464
692485
692486
692546
692568
692595
692662
692763
693098
693103
693155
693261
693588
693609
693717
693720
694078
694308
694376
694607
694797
694820
694844
695069
695105
695295
695335
695426
695550
695608
695701
695713
695852
695903
696082
696089
696106
696316
696448
696453
696493
696832
696883
696892
696895
696901
696963
696993
697020
697027
697034
697111
697242
697273
697476
697502
697535
697595
697670
697732
697881
697887
697961
698056
698104
698254
698303
698428
698441
698581
698592
698639
698660
698785
698973
699094
699242
699270
699508
700187
700298
700592
700698
700742
700750
700765
700787
700859
700890
700920
700952
700959
701006
701047
701223
701304
701405
701413
701808
701818
701929
702221
702248
702275
702424
702542
702599
702609
702685
702701
702766
702793
702995
703090
703263
703395
703419
703493
703671
703796
703945
704084
704089
704089
704093
704124
704231
704259
704483
704546
704548
704637
704775
704831
704934
705287
705356
705436
705531
705567
705798
705830
706123
706128
706334
706398
706774
706809
706867
706882
707044
707067
707203
707308
707351
707379
707408
707529
707871
707909
708027
708138
708191
708283
708330
708381
708448
708491
708593
708691
708810
708820
708972
709468
709471
709583
709637
709683
709796
709819
709845
709960
710033
710158
710249
710358
710369
710412
710450
710477
710574
710678
710691
710716
710787
710795
710899
710990
711038
711176
711184
711288
711297
711308
711375
711543
711728
711741
711760
711889
712141
712211
712340
712355
712418
712736
712802
712869
712979
713027
713049
713071
713130
713163
713192
713389
713749
713899
714035
714128
714187
714275
714401
714605
714679
714754
714810
715122
715179
715257
715278
715609
715738
715806
715837
715892
715967
716022
716111
716145
716258
716333
716401
716470
716598
716665
716763
716801
716926
716934
717066
717104
717141
717159
717244
717429
717435
717497
717697
717818
717834
717842
718062
718166
718370
718487
718564
718676
718772
718940
719075
719089
719103
719212
719355
719385
719529
719730
719827
719865
719877
719989
720161
720252
720545
720553
720705
720719
720798
720931
721301
721464
721549
721805
721826
721917
721997
722012
722153
722222
722320
722452
722481
722483
722501
722520
722664
722719
722804
722830
722858
722994
723018
723065
723157
723336
723467
723506
723513
723548
723697
723734
723749
723776
723855
723882
724146
724393
724526
724646
724799
724914
724921
724963
725047
725109
725206
725318
725462
725535
725545
725823
726009
726074
726128
726143
726165
726180
726242
726309
726349
726445
726532
726631
726632
726653
726656
726760
726884
727068
727108
727424
727514
727715
727824
727845
727848
728026
728044
728197
728398
728428
728449
728757
729179
729206
729235
729531
729654
729707
729794
729845
729881
729889
729921
729932
730108
730289
730312
730337
730384
730385
730490
730493
730527
730569
730591
730681
730756
730842
730867
730910
731036
731041
731193
731454
731493
731549
732124
732290
732349
732352
732472
732520
732804
732883
732964
733178
733253
733306
733366
733668
733674
733692
733812
733868
734158
734235
734404
734613
734647
734706
734712
734755
734763
734807
734941
735122
735199
735209
735337
735782
736092
736298
736341
736587
736612
736657
736694
736698
736764
736807
736867
736940
737011
737119
737180
737487
737907
737954
738019
738048
738113
738168
738645
738880
739017
739098
739099
739107
739171
739181
739231
739416
739594
739626
739707
739850
739930
740118
740385
740436
740444
740650
740728
740793
740844
740909
740950
740984
741284
741449
741478
741557
741635
741637
741775
741946
741987
742172
742310
742368
742497
742546
742573
742610
742688
742709
742879
742967
743089
743278
743328
743434
743452
743772
743978
744060
744413
744702
744801
744804
745034
745069
745091
745624
745727
745746
745748
745957
746157
746177
746385
746608
746660
746823
746884
747357
747402
747424
747424
747440
747514
747580
747584
747614
747655
747770
747807
748017
748150
748211
748271
748275
748277
748373
748403
748411
748614
748670
748729
748783
748892
748938
748998
749079
749186
749208
749254
749257
749293
749439
749472
749640
749835
749869
749916
750000
750011
750047
750140
750312
750347
750420
750474
750577
750593
750605
750701
750749
750999
751026
751042
751098
751207
751291
751390
751424
751462
751626
751772
751902
752010
752029
752044
752083
752256
752328
752516
752650
752703
752745
752916
752965
752978
752997
753307
753333
753493
753499
753596
753648
753893
754007
754155
754172
754223
754501
754527
754612
755182
755271
755477
755486
755502
755634
755724
755787
756132
756269
756315
756411
756483
756580
756640
756764
756806
756877
756878
756944
756960
756963
756976
757003
757009
757077
757459
757497
757721
757804
757984
758054
758056
758077
758139
758255
758385
758446
758495
758687
758835
758987
759277
759282
759319
759378
759392
759522
759847
759942
759989
760161
760167
760302
760383
760398
760504
760653
760687
760735
760902
760943
761197
761215
761313
761319
761327
761395
761468
761833
761842
762085
762141
762164
762189
762214
762308
762428
762507
762560
762667
762699
762895
762901
762902
763005
763006
763012
763080
763362
763406
763443
763639
763646
763713
763772
763934
764019
764053
764326
764454
764518
764661
764858
765104
765284
765314
765687
765723
765804
765824
765884
765967
766023
766167
766220
766239
766248
766505
766600
766636
766993
767206
767238
767317
767543
767561
767650
767666
767681
767750
767785
767826
767911
767970
768397
768524
768580
768801
768900
769025
769248
769352
769484
769547
769559
769770
769916
769994
770022
770108
770118
770139
770531
770546
770649
770814
770867
770977
771014
771087
771115
771168
771207
771300
771332
771464
771543
771557
771817
771960
772049
772431
772755
772891
773049
773062
773094
773230
773255
773342
773463
773509
773853
773884
773897
773985
774084
774208
774282
774293
774453
774598
774616
774809
774874
774887
775059
775096
775187
775504
775515
775602
775708
775751
775752
776085
776104
776294
776385
776493
776772
776864
776918
776929
776970
777045
777261
777425
777466
777500
777505
777571
777603
777827
778038
778216
778390
778605
779175
779233
779253
779366
779487
779528
779649
779691
779730
779843
779915
780087
780090
780180
780419
780505
780509
780522
780553
780608
780622
780717
780808
780831
780918
780921
781103
781179
781197
781310
781348
781372
781481
781525
781573
781745
781780
781964
782054
782081
782153
782233
782299
782375
782382
782589
782651
782689
782741
782755
782891
782901
782971
783014
783065
783215
783231
783398
783400
783470
783499
783588
783721
783885
784247
784254
784280
784314
784421
784541
784549
784553
784744
784808
784844
784862
784974
785108
785266
785325
785405
785414
785813
786033
786129
786178
786216
786234
786244
786310
786375
786400
786416
786612
786649
786663
786691
786805
786872
787005
787025
787099
787370
787386
787528
787658
787668
787757
787804
787873
787981
788023
788057
788108
788240
788271
788286
788386
788442
788560
788627
788710
788747
788929
789025
789183
789246
789281
789291
789326
789344
789468
789495
789540
789566
789626
789634
789709
789753
789789
789870
789927
790106
790180
790343
790643
790647
790677
790682
790935
790957
791052
791304
791309
791379
791396
791505
791511
791711
791737
791769
791784
791803
791867
791920
791981
792183
792272
792310
792310
792554
792655
792833
793049
793338
793419
793433
793521
793619
793696
793715
793792
793959
794143
794248
794383
794725
795020
795310
795574
795625
795661
795768
795769
796113
796202
796254
796343
796351
796805
797107
797273
797299
797339
797376
797415
797766
797889
798090
798117
798169
798366
798400
798622
798645
798663
798715
798750
798912
799093
799102
799132
799280
799467
799518
799539
799575
799750
799816
800138
800197
800327
800392
800434
800645
800683
800749
800993
801064
801434
801440
801461
801465
801544
801641
801711
801838
801904
802048
802065
802177
802295
802445
802610
802662
802759
802787
803236
803297
803330
803545
803654
803737
803932
803940
804067
804121
804138
804321
804448
804568
804623
804686
804736
804840
804841
804948
805063
805135
805276
805286
805355
805434
805554
805647
805707
805738
805802
805815
806100
806210
806479
806597
806631
806719
806724
806825
807225
807254
807318
807425
807514
807582
807740
807745
807751
807806
807832
808027
808077
808111
808135
808225
808230
808323
808344
808355
808456
808470
808481
808550
808558
808563
808619
808862
808866
809093
809096
809151
809268
809375
809446
809491
809500
809525
809526
809744
809748
810109
810116
810133
810336
810728
810749
810999
811151
811187
811413
811556
811570
811860
811878
811945
812071
812146
812258
812307
812351
812366
812469
812668
812686
812770
812924
812998
813036
813084
813118
813119
813144
813161
813291
813355
813518
813523
813583
813796
813891
814010
814251
814282
814295
814423
814735
814826
814833
814914
815171
815192
815286
815582
815638
815660
816199
816319
816334
816413
816512
816513
816570
816763
817048
817220
817247
817422
817615
817734
818037
818048
818412
818467
818532
818802
818819
818829
819183
819296
819318
819328
819377
819434
819659
819681
819704
819864
819886
819904
820310
820365
820390
820439
820485
820518
820520
820545
820576
820634
820649
820806
821013
821055
821074
821086
821159
821193
821447
821608
821613
821682
821685
821802
821805
821858
821886
821996
822028
822195
822260
822335
822504
822556
822679
822685
822693
822776
822777
822809
822816
822868
822876
822881
822925
823034
823055
823078
823307
823380
823388
823390
823443
823458
823772
823815
823886
824266
824277
824342
824350
824441
824443
824462
824527
824530
824557
824599
825024
825123
825197
825200
825492
825598
825879
826016
826234
826304
826564
826627
826635
826639
826679
826679
826718
826777
826839
826891
826909
826923
826931
826965
826994
827229
827342
827450
827750
827809
828028
828059
828114
828162
828461
828504
828504
828512
828535
828635
828649
828813
828918
828990
829116
829295
829331
829408
829555
829603
829649
829661
829721
829737
829758
829891
829901
830029
830047
830149
830312
830324
830352
830370
830437
830446
830529
830580
830697
831006
831224
831247
831318
831567
831669
831771
831927
832101
832115
832304
832504
832588
832704
832956
833007
833036
833052
833073
833162
833230
833231
833259
833295
833554
833595
833687
833743
833762
833845
834005
834086
834095
834199
834370
834423
834434
834706
834761
834795
834799
834939
835242
835283
835498
835556
835628
835752
835776
835917
836018
836048
836103
836146
836196
836295
836353
836475
836740
836804
836817
836848
836889
836950
837016
837134
837200
837303
837462
837516
837590
837601
837625
837675
837775
837868
837880
837926
838012
838130
838175
838200
838204
838290
838476
838521
838566
838720
838740
838833
838907
839075
839129
839656
839675
839709
839811
839916
840008
840164
840217
840244
840299
840320
840424
840591
840612
840619
840701
840732
840732
840823
840874
841195
841201
841258
841356
841834
841934
841978
842106
842260
842327
842361
842363
842531
842564
842830
842943
842988
843006
843069
843071
843204
843356
843364
843378
843394
843556
843567
843742
843811
844007
844023
844095
844104
844159
844167
844289
844372
844503
844561
844700
844853
844891
844955
844963
844969
845118
845127
845288
845401
845574
845904
846200
846273
846329
846343
846597
846782
846792
847061
847287
847342
847488
847622
847632
847744
847772
847800
847871
847956
848058
848479
848541
848577
848602
848836
849271
849350
849379
849515
849576
849602
849624
849647
849839
849891
849901
850091
850244
850278
850290
850345
850384
850389
850449
850465
850740
850816
851020
851130
851132
851349
851391
851457
851767
851809
851906
852025
852116
852251
852288
852367
852371
852473
852793
852807
853034
853171
853305
853365
853649
853711
853713
853941
853969
854049
854088
854212
854255
854417
854546
854628
854670
854684
854946
854968
855042
855114
855255
855270
855432
855437
855486
855558
855578
855626
855681
855792
855797
855837
855869
856087
856123
856163
856359
856422
856568
856577
856677
856746
856750
857140
857221
857316
857358
857399
857440
857551
857719
857757
857793
858361
858547
858599
858754
858778
858878
858955
859063
859178
859488
859531
859618
859631
859787
859790
859851
859932
859960
860002
860137
860376
860545
860588
860612
860759
860783
861049
861290
861678
861997
862193
862240
862453
862473
862486
862486
862495
862644
862655
862800
862927
862955
863045
863066
863104
863109
863227
863274
863297
863421
863738
863881
863940
863986
864089
864113
864407
864410
864602
864779
864998
865043
865054
865132
865166
865214
865298
865432
865622
865798
865930
866022
866090
866117
866180
866224
866307
866508
866928
866930
867051
867166
867184
867214
867388
867458
867485
867497
867596
867599
867675
867715
867848
867862
868105
868369
868544
868596
868668
868704
868731
868791
868821
868834
868908
869157
869467
869494
869522
869536
869994
870011
870021
870075
870318
870365
870469
870541
870573
871090
871102
871477
871808
871814
871972
871990
872030
872201
872244
872409
872428
872444
872582
872890
872930
872939
873085
873173
873352
873524
874088
874233
874284
874535
874562
874599
874628
874639
874799
874837
874881
874897
874938
874977
875021
875306
875362
875379
875589
875688
875696
876012
876266
876327
876365
876401
876515
876517
876586
876818
876843
876918
876918
876919
877014
877030
877048
877082
877096
877193
877305
877345
877532
877534
877553
877677
877721
877722
877778
877878
878046
878065
878076
878089
878334
878481
878519
878711
878775
878891
878963
879184
879354
879565
879585
879594
879720
879777
879795
879868
879962
879998
880043
880080
880101
880200
880240
880250
880300
880404
880422
880466
880576
880696
880791
881101
881213
881261
881316
881605
881705
882003
882212
882320
882683
882828
883035
883111
883244
883723
883895
884057
884078
884117
884394
884465
884603
884663
884831
884951
885136
885158
885200
885296
885361
885401
885668
885786
885872
886190
886200
886225
886241
886426
886528
886581
886607
886695
886806
886860
886926
887073
887207
887229
887351
887353
887547
887663
887685
887740
887765
887859
887946
888105
888139
888260
888648
888664
888755
888814
888834
888957
889063
889222
889340
889481
889614
889627
889634
889640
889736
889810
889862
889931
889956
890008
890201
890326
890363
890622
890626
890634
890745
890806
890974
891028
891244
891247
891372
891445
891630
891641
891710
891718
891719
891813
891917
892004
892011
892352
892491
892591
892874
892887
892937
892986
893117
893178
893215
893230
893288
893457
893658
893697
893699
893734
893891
894131
894159
894279
894355
894467
894525
894645
894697
894780
894974
895382
895558
895718
895794
896038
896214
896362
896410
896418
896423
896439
896484
896674
896730
896759
897054
897433
897538
897624
897640
897778
897862
898002
898190
898218
898287
898465
898592
898598
898705
898733
898791
899125
899135
899180
899245
899636
899722
899785
899853
899914
900025
900195
900260
900454
900568
900683
900695
900710
900818
901074
901159
901177
901203
901352
901355
901380
901475
901611
901670
901764
901790
901938
902274
902404
902492
902799
902899
902920
902960
902974
903101
903118
903157
903178
903196
903206
903220
903317
903405
903434
903462
903516
903582
903701
903869
903965
903997
904010
904270
904393
904437
904463
904498
904549
904552
904635
904766
904838
904952
904987
905024
905153
905153
905191
905229
905244
905349
905386
905447
905468
905509
905698
905927
906135
906278
906278
906279
906377
906651
906799
906846
907001
907253
907319
907357
907656
907850
907855
907972
907996
908080
908258
908283
908467
908524
908580
908807
909018
909218
909248
909369
909413
909442
909454
909492
909560
909621
909629
909688
909779
909834
909911
909919
909983
910238
910260
910382
910845
910919
910993
911112
911177
911439
911570
911575
911579
911588
911643
911644
911747
911910
911924
911993
912065
912145
912177
912256
912390
912527
912673
912676
912730
912919
912926
912950
912999
913050
913148
913253
913300
913319
913332
913375
913506
913599
913771
913784
914222
914328
914493
914502
914507
914755
914848
915067
915283
915574
915594
915768
916021
916254
916262
916291
916409
916618
916628
916671
916672
916673
916902
916909
916983
917009
917186
917237
917306
917330
917382
917396
917450
917504
917852
917987
918039
918109
918394
918452
918513
918559
918595
918622
918662
918692
919032
919072
919435
919553
919789
919801
919912
920071
920131
920204
920244
920289
920319
920536
920629
920939
921031
921370
921483
921571
921668
921826
921844
921940
922286
922323
922630
922950
923499
923580
923587
923771
923801
923868
923996
924036
924140
924152
924200
924257
924397
924417
924422
924481
924629
924633
924738
924859
925102
925453
925712
925740
925809
925841
925874
925898
926254
926814
926961
927178
927234
927349
927413
927439
927530
927541
927694
927832
927862
928132
928227
928462
928523
928754
928940
928955
928996
929369
929436
929491
929496
929688
929728
929880
930228
930367
930399
930417
930533
930689
930801
930805
930885
930994
931186
931332
931506
931714
931781
931885
931914
932570
932697
932704
932886
932934
933048
933161
933283
933360
933389
933480
933483
933548
933586
934013
934017
934123
934229
934270
934526
934814
934992
935035
935076
935080
935385
936028
936056
936066
936078
936081
936173
936238
936367
936627
936760
936838
937004
937016
937091
937165
937175
937253
937267
937304
937325
937587
937778
937892
937964
938004
938063
938174
938191
938544
938749
938926
938966
939144
939193
939447
939489
939597
939993
940094
940292
940292
940636
940677
940804
941029
941037
941291
941451
941900
941965
941967
941983
942058
942176
942312
942400
942406
942687
942694
942707
942775
942849
942895
942959
943000
943266
943271
943300
943380
943539
943555
943591
943716
943777
943940
943974
944043
944076
944265
944365
944456
944545
944695
945009
945019
945150
945200
945287
945322
945450
945706
945713
946044
946176
946209
946235
946421
946487
946591
946602
946706
946871
947421
947754
947978
948088
948153
948205
948397
948489
948556
948621
948804
948875
948949
948971
949263
949316
949448
949528
949741
949779
949814
949819
949863
949875
949950
950053
950086
950490
950802
950892
950929
950946
951175
951263
951628
951757
952031
952055
952082
952259
952324
952445
952489
952582
952591
952643
952688
952808
953001
953023
953053
953053
953095
953113
953402
953474
953713
953795
953865
953897
953975
953981
954036
954201
954278
954529
954683
954932
955060
955263
955272
955383
955458
955482
955668
955796
955837
955928
956171
956208
956274
956293
956323
956332
956661
956860
956877
956890
957054
957134
957373
957398
957482
957528
957636
957673
957752
957759
958003
958070
958128
958305
958410
958420
958872
959107
959154
959380
959505
959602
959726
959770
959848
959875
959883
959929
960012
960110
960320
960468
960587
960644
960683
960846
961300
961312
961490
961527
961530
961546
961565
961701
961771
961820
961862
961955
961980
962007
962032
962059
962105
962147
962301
962616
962644
962991
963048
963121
963168
963208
963219
963279
963612
964108
964176
964197
964242
964386
964617
964622
964716
964728
964744
965059
965136
965180
965203
965232
965263
965400
965419
965521
965529
965633
965706
965720
965846
966318
966428
966632
966671
966783
966926
966965
967035
967060
967350
967430
967673
967923
968005
968162
968227
968243
968273
968514
968641
968656
968826
968877
969006
969103
969125
969182
969211
969292
969568
969694
969768
969837
969870
969959
970060
970061
970085
970116
970324
970615
970651
970726
970825
970876
970945
971031
971099
971193
971217
971246
971543
971599
971599
971662
971850
971946
972033
972326
972451
972501
972541
972791
972868
972875
973100
973315
973494
973598
973720
973853
973890
973893
974148
974232
974239
974280
974370
974420
974498
974607
974618
974803
974918
975030
975033
975166
975282
975321
975332
975501
975516
975697
975722
975745
975808
975903
976213
976345
976378
976402
976864
977082
977122
977202
977232
977380
977451
977507
977536
977562
977629
977766
977798
977867
977874
978324
978347
978380
978444
978529
978603
978641
978678
978681
978782
978785
978901
978964
979179
979431
979444
979667
979683
979777
979801
979931
979994
980248
980282
980868
980947
980958
980984
981142
981155
981170
981305
981361
981433
981462
981535
981632
981800
981889
982026
982295
982305
982379
982667
982742
982894
983191
983197
983337
983378
983424
983460
983483
983635
983672
983694
983822
983956
983973
984037
984120
984148
984176
984445
984751
984886
985124
985177
985338
985361
985475
985607
985658
985725
985892
986087
986265
986539
986748
986907
986916
987092
987117
987176
987217
987304
987335
987373
987451
987509
987649
987808
987838
988104
988162
988345
988472
988509
988513
989045
989304
989310
989374
989594
989684
989842
989917
989989
990100
990135
990202
990325
990364
990403
990478
990510
990534
990544
990697
990707
990778
990865
990934
990997
991082
991119
991147
991277
991356
991427
991569
991590
991774
991884
991917
992113
992124
992142
992146
992165
992299
992540
992553
992689
993191
993315
993504
993522
993781
993924
993961
994186
994462
994565
994588
994641
994812
995056
995201
995382
995535
995643
995709
995897
996114
996235
996350
996490
996591
996653
996893
996991
997199
997200
997215
997433
997503
997676
997701
997888
997914
997958
997991
998117
998299
998511
998550
998598
998842
998960
999068
999259
999383
999454
999494
999782
