961
1294
2936
3163
4660
4707
5403
6259
9080
9110
9867
12009
14185
15521
15773
16816
19551
21942
22444
22754
24277
26647
27475
28160
28514
29487
30208
30441
30743
31871
32061
33560
34362
36522
37062
37147
38631
39509
40708
40821
41751
43035
43279
46492
47559
48449
48868
49860
52983
55478
56934
58234
59501
60016
60052
62846
62978
65227
65438
66020
66670
67305
67353
68152
71043
71197
71535
72520
72604
72816
76653
77545
78281
80314
81109
82582
83791
84520
84544
85503
86981
87078
88334
88947
89186
89471
92633
92918
93155
94336
95909
98506
98744
98789
99374
101685
101707
104272
104481
105192
106705
107174
107574
108055
108220
109181
109412
111344
111645
112152
112441
113080
114952
115349
116201
116747
117155
118411
119434
123015
123307
125842
127889
129593
129718
129865
130273
130363
130561
131326
132035
132054
132525
135075
135518
136716
137650
138010
138560
138657
140770
141056
144333
144751
145682
147432
150363
150892
151306
152727
152846
153060
153143
153150
153611
154707
158262
160893
161026
161676
162963
166168
167770
168138
168549
169017
169479
169973
170972
173557
174206
175152
177112
179270
181501
181877
182070
183506
183827
184699
187314
189516
189991
190403
190949
191183
193704
194028
194171
195234
195513
196161
197037
197487
198636
200344
201533
201738
202606
203023
204275
204383
205658
207290
207828
208586
210862
211338
212983
213576
213864
214499
214622
215302
215455
215676
216344
217120
218073
218182
218798
220299
224646
225443
225737
226344
232345
233984
233999
234730
237182
237835
239419
240010
240695
240930
241072
242239
242660
245935
247673
249849
250365
252462
252765
254061
254082
257247
258599
259293
259538
262994
263324
264145
265023
265420
266440
267834
269283
273365
274121
275369
276311
277283
279196
279315
279951
281373
282269
283817
283967
285478
286427
286476
287294
289635
290277
290796
292413
294639
297285
297426
302192
303082
304603
304674
304881
304916
307379
308471
309181
309193
309287
311400
311787
314129
314684
314704
315925
316054
318135
318582
320661
321874
323504
324077
324195
324937
326700
326971
326989
327432
327763
329731
330250
333633
334865
335155
335694
336796
338356
338975
340237
342273
344458
345436
346301
346304
346470
347547
347901
349731
350133
350653
351155
353341
354560
356081
357292
358319
359189
360488
360838
361507
361575
363461
363733
365090
365455
367104
368555
370272
370773
372194
373280
374241
377751
378490
380587
381824
384399
384434
384556
385580
385855
385868
386838
387139
387327
387578
388330
388573
389282
389466
389626
390431
390781
391815
392234
393254
394071
394119
396342
397191
397388
398114
398149
399110
400438
400488
403278
404321
405453
405699
406075
406265
407359
409571
409839
409940
410496
411159
412880
414007
418408
418668
418784
418937
420205
426056
426372
428066
429014
430515
432035
432078
432727
432732
433035
434678
436663
437306
437931
438500
439183
439438
441223
442053
442393
443618
444872
445672
445791
445840
446700
448939
449006
452357
453789
454848
456333
457451
457739
461335
463987
464446
466567
466763
467705
468595
470018
470158
471685
473917
473943
474334
474477
476357
478335
479763
479904
480400
480486
481473
481865
482097
482197
482794
484704
484715
486411
488864
490155
490743
490853
490965
492976
493829
493851
494688
495431
496130
496245
498121
498205
499514
502539
502674
502832
503554
503606
503977
504285
504449
504497
505128
505983
506068
506126
506789
510694
511122
512671
516226
517541
517873
518936
519399
519751
520653
520961
521240
521569
522264
522892
525774
526751
528448
528790
528959
529094
529938
530786
532147
532605
534152
534292
536482
537259
537483
539511
539857
539993
540124
543278
543325
543710
545841
546139
546801
547093
549345
549570
549956
550707
550846
552826
553049
553113
553178
553488
553806
554852
556290
556333
556437
557596
557671
559317
562115
562592
563365
570530
571299
571534
572545
572695
573208
573967
574354
576900
577114
578506
579308
579616
582050
582416
582964
583092
583094
583213
583325
584374
584390
584487
585312
588399
589373
590129
590418
591352
591788
594689
594892
595802
596751
597134
597754
598851
599583
601557
602051
602881
603099
603472
604015
605074
605211
605379
607004
607726
610610
611115
612303
613758
614016
614649
615162
616707
616887
617263
617903
618325
619083
619111
620550
621177
621465
621482
622406
622780
624234
624431
627841
627976
630751
631167
632670
633017
633424
634886
635155
641280
642522
645620
646401
647381
647832
648945
649190
649971
652295
652430
653614
655902
656790
656901
657010
657174
657802
657864
659463
660134
662879
663360
664462
664768
667502
669853
670309
671300
675138
675322
675690
675785
677064
677509
678666
679381
681552
683061
683366
683772
684772
685277
685359
685451
685792
686467
687556
687627
689221
689812
692183
692366
692929
693076
694125
694901
695767
696340
697433
697611
698200
698656
698776
699333
700173
701130
702224
702795
703611
704919
705945
706532
707217
708380
708840
709025
711395
712886
715687
716417
716952
717523
718946
722124
723874
724431
724519
724650
726847
727254
727497
730924
731944
732576
733760
736754
739045
739265
740685
742606
742642
746143
748487
748655
748886
749677
752652
753862
754295
755635
756091
756566
758479
760912
761099
761759
765802
766462
766837
767006
767330
767384
768667
768998
769655
770094
770142
773489
773506
773991
776759
777193
777478
777820
780071
780138
781020
781845
783114
787004
788340
789811
790273
790539
792391
794810
796370
797249
797644
802025
804461
805536
805674
806160
806503
807634
808045
810723
813242
814042
815452
816437
816978
817780
818384
819847
819951
820215
821068
824074
825245
825250
826012
826094
826279
826455
826597
826764
827318
827434
828744
829674
830144
830631
831128
831365
831424
831620
832273
832558
832637
832858
832998
833651
834129
835325
836431
837267
837587
837695
838268
840478
841599
842760
842988
844699
844813
844912
845769
846438
846905
847872
848742
849237
849712
850980
851046
851047
853014
854251
854625
854787
856529
857800
857837
858024
858256
858640
858877
859302
859914
860640
864779
865244
869100
870042
870499
870977
876157
876197
876483
876917
879439
881013
881039
882301
882749
883328
885560
885833
886616
887411
887540
887709
887735
889595
891447
892246
893140
893772
896763
897656
899749
901142
901369
901460
901703
904902
905216
905388
906021
906067
908370
909260
909544
909693
911896
912333
912596
915072
916864
917037
917688
917827
918175
918261
918639
918837
918884
920425
923743
929061
931810
933466
937007
939221
939956
940652
941411
941818
941862
941976
942049
942436
942772
942984
943283
943527
945694
946119
947457
948284
949500
950087
950883
950911
952219
952277
953240
954251
955144
955245
957430
958527
958546
958654
961063
964542
965422
966028
966525
966804
967380
967481
970090
973202
973394
973735
976533
979058
979277
980160
982622
984682
985799
986476
987700
988736
989056
993057
993084
993123
994488
994774
998206
998601
999742
